Type;FSVA3044;
Version;1.31;
Date;24.Mar 2026;
Mode;ANALYZER;
Preamplifier;OFF;
Transducer;OFF;
Center Freq;1420405000.000000;Hz
Freq Offset;0.000000;Hz
Start;1419905000.000000;Hz
Stop;1420905000.000000;Hz
Span;1000000.000000;Hz
Ref Level;0.000000;dBm
Level Offset;0.000000;dB
Rf Att;10.000000;dB
El Att;0.000000;dB
RBW;10000.000000;Hz
VBW;10000.000000;Hz
SWT;0.000419;s
Sweep Count;0;
Window;1;Frequency Sweep
Ref Position;100.000000;%
Level Range;100.000000;dB
x-Axis;LIN;
y-Axis;LOG;
x-Unit;Hz;
y-Unit;dBm;
Trace;1;
Trace Mode;CLR/WRITE;
Detector;AUTOPEAK;
Values;1001;
1419905499.5004994869;-105.0223236083984375;-105.0223236083984375
1419906498.5014984608;-106.010040283203125;-106.010040283203125
1419907497.5024974346;-107.41464996337890625;-107.41464996337890625
1419908496.5034964085;-109.35155487060546875;-109.35155487060546875
1419909495.5044953823;-112.023956298828125;-112.023956298828125
1419910494.5054943562;-115.85833740234375;-115.85833740234375
1419911493.50649333;-122.0963287353515625;-122.0963287353515625
1419912492.5074923038;-139.1573944091796875;-139.1573944091796875
1419913491.5084912777;-126.18482208251953125;-126.18482208251953125
1419914490.5094902515;-121.13707733154296875;-121.13707733154296875
1419915489.5104892254;-119.01508331298828125;-119.01508331298828125
1419916488.5114881992;-117.8901214599609375;-117.8901214599609375
1419917487.5124871731;-116.856353759765625;-116.856353759765625
1419918486.5134861469;-115.38037872314453125;-115.38037872314453125
1419919485.5144851208;-113.46988677978515625;-113.46988677978515625
1419920484.5154840946;-111.44182586669921875;-111.44182586669921875
1419921483.5164830685;-109.54170989990234375;-109.54170989990234375
1419922482.5174820423;-107.8754730224609375;-107.8754730224609375
1419923481.5184810162;-106.4765472412109375;-106.4765472412109375
1419924480.51947999;-105.3562774658203125;-105.3562774658203125
1419925479.5204789639;-104.52436065673828125;-104.52436065673828125
1419926478.5214779377;-103.99613189697265625;-103.99613189697265625
1419927477.5224769115;-103.79520416259765625;-103.79520416259765625
1419928476.5234758854;-103.95735931396484375;-103.95735931396484375
1419929475.5244748592;-104.537689208984375;-104.537689208984375
1419930474.5254738331;-105.6255035400390625;-105.6255035400390625
1419931473.5264728069;-107.3726043701171875;-107.3726043701171875
1419932472.5274717808;-110.03675079345703125;-110.03675079345703125
1419933471.5284707546;-113.810089111328125;-113.810089111328125
1419934470.5294697285;-115.89147186279296875;-115.89147186279296875
1419935469.5304687023;-112.26638031005859375;-112.26638031005859375
1419936468.5314676762;-108.5042572021484375;-108.5042572021484375
1419937467.53246665;-105.82220458984375;-105.82220458984375
1419938466.5334656239;-103.9163970947265625;-103.9163970947265625
1419939465.5344645977;-102.551300048828125;-102.551300048828125
1419940464.5354635715;-101.58768463134765625;-101.58768463134765625
1419941463.5364625454;-100.94036865234375;-100.94036865234375
1419942462.5374615192;-100.55475616455078125;-100.55475616455078125
1419943461.5384604931;-100.39430999755859375;-100.39430999755859375
1419944460.5394594669;-100.4335174560546875;-100.4335174560546875
1419945459.5404584408;-100.6533050537109375;-100.6533050537109375
1419946458.5414574146;-101.03746795654296875;-101.03746795654296875
1419947457.5424563885;-101.57013702392578125;-101.57013702392578125
1419948456.5434553623;-102.2327117919921875;-102.2327117919921875
1419949455.5444543362;-102.9997100830078125;-102.9997100830078125
1419950454.54545331;-103.8349761962890625;-103.8349761962890625
1419951453.5464522839;-104.68650054931640625;-104.68650054931640625
1419952452.5474512577;-105.48455047607421875;-105.48455047607421875
1419953451.5484502316;-106.1456756591796875;-106.1456756591796875
1419954450.5494492054;-106.5867767333984375;-106.5867767333984375
1419955449.5504481792;-106.745513916015625;-106.745513916015625
1419956448.5514471531;-106.59700775146484375;-106.59700775146484375
1419957447.5524461269;-106.15833282470703125;-106.15833282470703125
1419958446.5534451008;-105.48239898681640625;-105.48239898681640625
1419959445.5544440746;-104.64594268798828125;-104.64594268798828125
1419960444.5554430485;-103.734283447265625;-103.734283447265625
1419961443.5564420223;-102.82701873779296875;-102.82701873779296875
1419962442.5574409962;-101.98908233642578125;-101.98908233642578125
1419963441.55843997;-101.26833343505859375;-101.26833343505859375
1419964440.5594389439;-100.69779205322265625;-100.69779205322265625
1419965439.5604379177;-100.2993011474609375;-100.2993011474609375
1419966438.5614368916;-100.08707427978515625;-100.08707427978515625
1419967437.5624358654;-100.07071685791015625;-100.07071685791015625
1419968436.5634348392;-100.25677490234375;-100.25677490234375
1419969435.5644338131;-100.64946746826171875;-100.64946746826171875
1419970434.5654327869;-101.248443603515625;-101.248443603515625
1419971433.5664317608;-102.042572021484375;-102.042572021484375
1419972432.5674307346;-102.9939422607421875;-102.9939422607421875
1419973431.5684297085;-104.007232666015625;-104.007232666015625
1419974430.5694286823;-104.88896942138671875;-104.88896942138671875
1419975429.5704276562;-105.36235809326171875;-105.36235809326171875
1419976428.57142663;-105.23732757568359375;-105.23732757568359375
1419977427.5724256039;-104.59832763671875;-104.59832763671875
1419978426.5734245777;-103.7085418701171875;-103.7085418701171875
1419979425.5744235516;-102.79339599609375;-102.79339599609375
1419980424.5754225254;-101.9718475341796875;-101.9718475341796875
1419981423.5764214993;-101.28717803955078125;-101.28717803955078125
1419982422.5774204731;-100.7448577880859375;-100.7448577880859375
1419983421.5784194469;-100.33428955078125;-100.33428955078125
1419984420.5794184208;-100.03924560546875;-100.03924560546875
1419985419.5804173946;-99.84235382080078125;-99.84235382080078125
1419986418.5814163685;-99.72708892822265625;-99.72708892822265625
1419987417.5824153423;-99.6781463623046875;-99.6781463623046875
1419988416.5834143162;-99.6813507080078125;-99.6813507080078125
1419989415.58441329;-99.72310638427734375;-99.72310638427734375
1419990414.5854122639;-99.79003143310546875;-99.79003143310546875
1419991413.5864112377;-99.8688507080078125;-99.8688507080078125
1419992412.5874102116;-99.94704437255859375;-99.94704437255859375
1419993411.5884091854;-100.01398468017578125;-100.01398468017578125
1419994410.5894081593;-100.0627288818359375;-100.0627288818359375
1419995409.5904071331;-100.09168243408203125;-100.09168243408203125
1419996408.5914061069;-100.10575103759765625;-100.10575103759765625
1419997407.5924050808;-100.11666107177734375;-100.11666107177734375
1419998406.5934040546;-100.14255523681640625;-100.14255523681640625
1419999405.5944030285;-100.20680999755859375;-100.20680999755859375
1420000404.5954020023;-100.33704376220703125;-100.33704376220703125
1420001403.5964009762;-100.564453125;-100.564453125
1420002402.59739995;-100.9240264892578125;-100.9240264892578125
1420003401.5983989239;-101.4554901123046875;-101.4554901123046875
1420004400.5993978977;-102.2066650390625;-102.2066650390625
1420005399.6003968716;-103.2389678955078125;-103.2389678955078125
1420006398.6013958454;-104.639739990234375;-104.639739990234375
1420007397.6023948193;-106.549102783203125;-106.549102783203125
1420008396.6033937931;-109.22870635986328125;-109.22870635986328125
1420009395.604392767;-113.2960205078125;-113.2960205078125
1420010394.6053917408;-121.0644378662109375;-121.0644378662109375
1420011393.6063907146;-129.189483642578125;-129.189483642578125
1420012392.6073896885;-116.86182403564453125;-116.86182403564453125
1420013391.6083886623;-112.49187469482421875;-112.49187469482421875
1420014390.6093876362;-110.08492279052734375;-110.08492279052734375
1420015389.61038661;-108.61981964111328125;-108.61981964111328125
1420016388.6113855839;-107.69475555419921875;-107.69475555419921875
1420017387.6123845577;-107.068695068359375;-107.068695068359375
1420018386.6133835316;-106.551788330078125;-106.551788330078125
1420019385.6143825054;-105.99063873291015625;-105.99063873291015625
1420020384.6153814793;-105.296051025390625;-105.296051025390625
1420021383.6163804531;-104.46556854248046875;-104.46556854248046875
1420022382.617379427;-103.56255340576171875;-103.56255340576171875
1420023381.6183784008;-102.6689453125;-102.6689453125
1420024380.6193773746;-101.8510284423828125;-101.8510284423828125
1420025379.6203763485;-101.15053558349609375;-101.15053558349609375
1420026378.6213753223;-100.58902740478515625;-100.58902740478515625
1420027377.6223742962;-100.1752471923828125;-100.1752471923828125
1420028376.62337327;-99.91089630126953125;-99.91089630126953125
1420029375.6243722439;-99.79410552978515625;-99.79410552978515625
1420030374.6253712177;-99.82125091552734375;-99.82125091552734375
1420031373.6263701916;-99.98744964599609375;-99.98744964599609375
1420032372.6273691654;-100.28603363037109375;-100.28603363037109375
1420033371.6283681393;-100.70772552490234375;-100.70772552490234375
1420034370.6293671131;-101.23932647705078125;-101.23932647705078125
1420035369.630366087;-101.86316680908203125;-101.86316680908203125
1420036368.6313650608;-102.557891845703125;-102.557891845703125
1420037367.6323640347;-103.30272674560546875;-103.30272674560546875
1420038366.6333630085;-104.08611297607421875;-104.08611297607421875
1420039365.6343619823;-104.916534423828125;-104.916534423828125
1420040364.6353609562;-105.8332061767578125;-105.8332061767578125
1420041363.63635993;-106.91162109375;-106.91162109375
1420042362.6373589039;-108.26515960693359375;-108.26515960693359375
1420043361.6383578777;-110.0386505126953125;-110.0386505126953125
1420044360.6393568516;-112.33731842041015625;-112.33731842041015625
1420045359.6403558254;-114.6959075927734375;-114.6959075927734375
1420046358.6413547993;-114.77826690673828125;-114.77826690673828125
1420047357.6423537731;-112.05693817138671875;-112.05693817138671875
1420048356.643352747;-109.10692596435546875;-109.10692596435546875
1420049355.6443517208;-106.7398834228515625;-106.7398834228515625
1420050354.6453506947;-104.9280242919921875;-104.9280242919921875
1420051353.6463496685;-103.55266571044921875;-103.55266571044921875
1420052352.6473486423;-102.511688232421875;-102.511688232421875
1420053351.6483476162;-101.72115325927734375;-101.72115325927734375
1420054350.64934659;-101.10857391357421875;-101.10857391357421875
1420055349.6503455639;-100.6109771728515625;-100.6109771728515625
1420056348.6513445377;-100.17822265625;-100.17822265625
1420057347.6523435116;-99.77884674072265625;-99.77884674072265625
1420058346.6533424854;-99.4033966064453125;-99.4033966064453125
1420059345.6543414593;-99.061614990234375;-99.061614990234375
1420060344.6553404331;-98.7742156982421875;-98.7742156982421875
1420061343.656339407;-98.5634613037109375;-98.5634613037109375
1420062342.6573383808;-98.4458160400390625;-98.4458160400390625
1420063341.6583373547;-98.4280853271484375;-98.4280853271484375
1420064340.6593363285;-98.50601959228515625;-98.50601959228515625
1420065339.6603353024;-98.6643524169921875;-98.6643524169921875
1420066338.6613342762;-98.87835693359375;-98.87835693359375
1420067337.66233325;-99.11699676513671875;-99.11699676513671875
1420068336.6633322239;-99.34862518310546875;-99.34862518310546875
1420069335.6643311977;-99.548583984375;-99.548583984375
1420070334.6653301716;-99.7060546875;-99.7060546875
1420071333.6663291454;-99.82732391357421875;-99.82732391357421875
1420072332.6673281193;-99.93329620361328125;-99.93329620361328125
1420073331.6683270931;-100.05338287353515625;-100.05338287353515625
1420074330.669326067;-100.2189788818359375;-100.2189788818359375
1420075329.6703250408;-100.458282470703125;-100.458282470703125
1420076328.6713240147;-100.79393768310546875;-100.79393768310546875
1420077327.6723229885;-101.24178314208984375;-101.24178314208984375
1420078326.6733219624;-101.8097686767578125;-101.8097686767578125
1420079325.6743209362;-102.497039794921875;-102.497039794921875
1420080324.67531991;-103.292266845703125;-103.292266845703125
1420081323.6763188839;-104.17269134521484375;-104.17269134521484375
1420082322.6773178577;-105.1051025390625;-105.1051025390625
1420083321.6783168316;-106.05007171630859375;-106.05007171630859375
1420084320.6793158054;-106.9677581787109375;-106.9677581787109375
1420085319.6803147793;-107.8168487548828125;-107.8168487548828125
1420086318.6813137531;-108.53755950927734375;-108.53755950927734375
1420087317.682312727;-109.0273895263671875;-109.0273895263671875
1420088316.6833117008;-109.1531982421875;-109.1531982421875
1420089315.6843106747;-108.8444976806640625;-108.8444976806640625
1420090314.6853096485;-108.18878173828125;-108.18878173828125
1420091313.6863086224;-107.38988494873046875;-107.38988494873046875
1420092312.6873075962;-106.647857666015625;-106.647857666015625
1420093311.6883065701;-106.10005950927734375;-106.10005950927734375
1420094310.6893055439;-105.82788848876953125;-105.82788848876953125
1420095309.6903045177;-105.88153839111328125;-105.88153839111328125
1420096308.6913034916;-106.3009185791015625;-106.3009185791015625
1420097307.6923024654;-107.1299285888671875;-107.1299285888671875
1420098306.6933014393;-108.425323486328125;-108.425323486328125
1420099305.6943004131;-110.25469207763671875;-110.25469207763671875
1420100304.695299387;-112.61785888671875;-112.61785888671875
1420101303.6962983608;-114.99211883544921875;-114.99211883544921875
1420102302.6972973347;-115.50072479248046875;-115.50072479248046875
1420103301.6982963085;-113.61162567138671875;-113.61162567138671875
1420104300.6992952824;-111.29985809326171875;-111.29985809326171875
1420105299.7002942562;-109.4087066650390625;-109.4087066650390625
1420106298.7012932301;-107.99008941650390625;-107.99008941650390625
1420107297.7022922039;-106.96573638916015625;-106.96573638916015625
1420108296.7032911777;-106.26451873779296875;-106.26451873779296875
1420109295.7042901516;-105.83737945556640625;-105.83737945556640625
1420110294.7052891254;-105.65338897705078125;-105.65338897705078125
1420111293.7062880993;-105.694091796875;-105.694091796875
1420112292.7072870731;-105.948211669921875;-105.948211669921875
1420113291.708286047;-106.406402587890625;-106.406402587890625
1420114290.7092850208;-107.0536956787109375;-107.0536956787109375
1420115289.7102839947;-107.8587646484375;-107.8587646484375
1420116288.7112829685;-108.75870513916015625;-108.75870513916015625
1420117287.7122819424;-109.64780426025390625;-109.64780426025390625
1420118286.7132809162;-110.39427947998046875;-110.39427947998046875
1420119285.7142798901;-110.90717315673828125;-110.90717315673828125
1420120284.7152788639;-111.20803070068359375;-111.20803070068359375
1420121283.7162778378;-111.40869903564453125;-111.40869903564453125
1420122282.7172768116;-111.59142303466796875;-111.59142303466796875
1420123281.7182757854;-111.66942596435546875;-111.66942596435546875
1420124280.7192747593;-111.31524658203125;-111.31524658203125
1420125279.7202737331;-110.1864471435546875;-110.1864471435546875
1420126278.721272707;-108.380096435546875;-108.380096435546875
1420127277.7222716808;-106.33216094970703125;-106.33216094970703125
1420128276.7232706547;-104.3822784423828125;-104.3822784423828125
1420129275.7242696285;-102.67791748046875;-102.67791748046875
1420130274.7252686024;-101.258880615234375;-101.258880615234375
1420131273.7262675762;-100.12261199951171875;-100.12261199951171875
1420132272.7272665501;-99.253509521484375;-99.253509521484375
1420133271.7282655239;-98.63321685791015625;-98.63321685791015625
1420134270.7292644978;-98.24436187744140625;-98.24436187744140625
1420135269.7302634716;-98.07103729248046875;-98.07103729248046875
1420136268.7312624454;-98.09854888916015625;-98.09854888916015625
1420137267.7322614193;-98.312469482421875;-98.312469482421875
1420138266.7332603931;-98.69777679443359375;-98.69777679443359375
1420139265.734259367;-99.2372283935546875;-99.2372283935546875
1420140264.7352583408;-99.91013336181640625;-99.91013336181640625
1420141263.7362573147;-100.6910858154296875;-100.6910858154296875
1420142262.7372562885;-101.54974365234375;-101.54974365234375
1420143261.7382552624;-102.451873779296875;-102.451873779296875
1420144260.7392542362;-103.36214447021484375;-103.36214447021484375
1420145259.7402532101;-104.2471771240234375;-104.2471771240234375
1420146258.7412521839;-105.0759429931640625;-105.0759429931640625
1420147257.7422511578;-105.81539154052734375;-105.81539154052734375
1420148256.7432501316;-106.4248809814453125;-106.4248809814453125
1420149255.7442491055;-106.8601531982421875;-106.8601531982421875
1420150254.7452480793;-107.09622955322265625;-107.09622955322265625
1420151253.7462470531;-107.15885162353515625;-107.15885162353515625
1420152252.747246027;-107.1357879638671875;-107.1357879638671875
1420153251.7482450008;-107.15572357177734375;-107.15572357177734375
1420154250.7492439747;-107.36020660400390625;-107.36020660400390625
1420155249.7502429485;-107.8950958251953125;-107.8950958251953125
1420156248.7512419224;-108.93068695068359375;-108.93068695068359375
1420157247.7522408962;-110.718719482421875;-110.718719482421875
1420158246.7532398701;-113.71673583984375;-113.71673583984375
1420159245.7542388439;-118.473968505859375;-118.473968505859375
1420160244.7552378178;-118.832794189453125;-118.832794189453125
1420161243.7562367916;-113.13825225830078125;-113.13825225830078125
1420162242.7572357655;-109.098541259765625;-109.098541259765625
1420163241.7582347393;-106.3706817626953125;-106.3706817626953125
1420164240.7592337132;-104.4661102294921875;-104.4661102294921875
1420165239.760232687;-103.13799285888671875;-103.13799285888671875
1420166238.7612316608;-102.2515716552734375;-102.2515716552734375
1420167237.7622306347;-101.724822998046875;-101.724822998046875
1420168236.7632296085;-101.50035858154296875;-101.50035858154296875
1420169235.7642285824;-101.5289764404296875;-101.5289764404296875
1420170234.7652275562;-101.754913330078125;-101.754913330078125
1420171233.7662265301;-102.10034942626953125;-102.10034942626953125
1420172232.7672255039;-102.45156097412109375;-102.45156097412109375
1420173231.7682244778;-102.66375732421875;-102.66375732421875
1420174230.7692234516;-102.60936737060546875;-102.60936737060546875
1420175229.7702224255;-102.2527313232421875;-102.2527313232421875
1420176228.7712213993;-101.67230224609375;-101.67230224609375
1420177227.7722203732;-101.00034332275390625;-101.00034332275390625
1420178226.773219347;-100.35353851318359375;-100.35353851318359375
1420179225.7742183208;-99.80764007568359375;-99.80764007568359375
1420180224.7752172947;-99.4031829833984375;-99.4031829833984375
1420181223.7762162685;-99.1588287353515625;-99.1588287353515625
1420182222.7772152424;-99.0816192626953125;-99.0816192626953125
1420183221.7782142162;-99.17328643798828125;-99.17328643798828125
1420184220.7792131901;-99.4334869384765625;-99.4334869384765625
1420185219.7802121639;-99.86075592041015625;-99.86075592041015625
1420186218.7812111378;-100.45153045654296875;-100.45153045654296875
1420187217.7822101116;-101.1959381103515625;-101.1959381103515625
1420188216.7832090855;-102.068756103515625;-102.068756103515625
1420189215.7842080593;-103.0124969482421875;-103.0124969482421875
1420190214.7852070332;-103.9152374267578125;-103.9152374267578125
1420191213.786206007;-104.60565948486328125;-104.60565948486328125
1420192212.7872049809;-104.914825439453125;-104.914825439453125
1420193211.7882039547;-104.79918670654296875;-104.79918670654296875
1420194210.7892029285;-104.38211822509765625;-104.38211822509765625
1420195209.7902019024;-103.84976959228515625;-103.84976959228515625
1420196208.7912008762;-103.34417724609375;-103.34417724609375
1420197207.7921998501;-102.934478759765625;-102.934478759765625
1420198206.7931988239;-102.63329315185546875;-102.63329315185546875
1420199205.7941977978;-102.4163055419921875;-102.4163055419921875
1420200204.7951967716;-102.23969268798828125;-102.23969268798828125
1420201203.7961957455;-102.05681610107421875;-102.05681610107421875
1420202202.7971947193;-101.8364105224609375;-101.8364105224609375
1420203201.7981936932;-101.5742340087890625;-101.5742340087890625
1420204200.799192667;-101.29270172119140625;-101.29270172119140625
1420205199.8001916409;-101.02886199951171875;-101.02886199951171875
1420206198.8011906147;-100.82036590576171875;-100.82036590576171875
1420207197.8021895885;-100.69586181640625;-100.69586181640625
1420208196.8031885624;-100.6719207763671875;-100.6719207763671875
1420209195.8041875362;-100.75372314453125;-100.75372314453125
1420210194.8051865101;-100.937469482421875;-100.937469482421875
1420211193.8061854839;-101.2130279541015625;-101.2130279541015625
1420212192.8071844578;-101.56656646728515625;-101.56656646728515625
1420213191.8081834316;-101.982940673828125;-101.982940673828125
1420214190.8091824055;-102.44733428955078125;-102.44733428955078125
1420215189.8101813793;-102.94553375244140625;-102.94553375244140625
1420216188.8111803532;-103.462005615234375;-103.462005615234375
1420217187.812179327;-103.974945068359375;-103.974945068359375
1420218186.8131783009;-104.44788360595703125;-104.44788360595703125
1420219185.8141772747;-104.8206939697265625;-104.8206939697265625
1420220184.8151762486;-105.00922393798828125;-105.00922393798828125
1420221183.8161752224;-104.92761993408203125;-104.92761993408203125
1420222182.8171741962;-104.535919189453125;-104.535919189453125
1420223181.8181731701;-103.87530517578125;-103.87530517578125
1420224180.8191721439;-103.0518341064453125;-103.0518341064453125
1420225179.8201711178;-102.185821533203125;-102.185821533203125
1420226178.8211700916;-101.37482452392578125;-101.37482452392578125
1420227177.8221690655;-100.6847991943359375;-100.6847991943359375
1420228176.8231680393;-100.1553497314453125;-100.1553497314453125
1420229175.8241670132;-99.8084869384765625;-99.8084869384765625
1420230174.825165987;-99.6548614501953125;-99.6548614501953125
1420231173.8261649609;-99.69757080078125;-99.69757080078125
1420232172.8271639347;-99.93376922607421875;-99.93376922607421875
1420233171.8281629086;-100.3547515869140625;-100.3547515869140625
1420234170.8291618824;-100.944915771484375;-100.944915771484375
1420235169.8301608562;-101.67964935302734375;-101.67964935302734375
1420236168.8311598301;-102.52313995361328125;-102.52313995361328125
1420237167.8321588039;-103.4275360107421875;-103.4275360107421875
1420238166.8331577778;-104.33458709716796875;-104.33458709716796875
1420239165.8341567516;-105.18152618408203125;-105.18152618408203125
1420240164.8351557255;-105.90821075439453125;-105.90821075439453125
1420241163.8361546993;-106.462860107421875;-106.462860107421875
1420242162.8371536732;-106.8040771484375;-106.8040771484375
1420243161.838152647;-106.9068756103515625;-106.9068756103515625
1420244160.8391516209;-106.7755279541015625;-106.7755279541015625
1420245159.8401505947;-106.45244598388671875;-106.45244598388671875
1420246158.8411495686;-106.00925445556640625;-106.00925445556640625
1420247157.8421485424;-105.52374267578125;-105.52374267578125
1420248156.8431475163;-105.05922698974609375;-105.05922698974609375
1420249155.8441464901;-104.65643310546875;-104.65643310546875
1420250154.8451454639;-104.3343353271484375;-104.3343353271484375
1420251153.8461444378;-104.0956878662109375;-104.0956878662109375
1420252152.8471434116;-103.93277740478515625;-103.93277740478515625
1420253151.8481423855;-103.8328704833984375;-103.8328704833984375
1420254150.8491413593;-103.7823486328125;-103.7823486328125
1420255149.8501403332;-103.769775390625;-103.769775390625
1420256148.851139307;-103.78802490234375;-103.78802490234375
1420257147.8521382809;-103.83452606201171875;-103.83452606201171875
1420258146.8531372547;-103.91143798828125;-103.91143798828125
1420259145.8541362286;-104.02417755126953125;-104.02417755126953125
1420260144.8551352024;-104.180877685546875;-104.180877685546875
1420261143.8561341763;-104.390899658203125;-104.390899658203125
1420262142.8571331501;-104.6639862060546875;-104.6639862060546875
1420263141.8581321239;-105.00994110107421875;-105.00994110107421875
1420264140.8591310978;-105.43773651123046875;-105.43773651123046875
1420265139.8601300716;-105.9549713134765625;-105.9549713134765625
1420266138.8611290455;-106.56325531005859375;-106.56325531005859375
1420267137.8621280193;-107.2477264404296875;-107.2477264404296875
1420268136.8631269932;-107.9532318115234375;-107.9532318115234375
1420269135.864125967;-108.5488433837890625;-108.5488433837890625
1420270134.8651249409;-108.81725311279296875;-108.81725311279296875
1420271133.8661239147;-108.55837249755859375;-108.55837249755859375
1420272132.8671228886;-107.77927398681640625;-107.77927398681640625
1420273131.8681218624;-106.7047576904296875;-106.7047576904296875
1420274130.8691208363;-105.589141845703125;-105.589141845703125
1420275129.8701198101;-104.59923553466796875;-104.59923553466796875
1420276128.871118784;-103.81805419921875;-103.81805419921875
1420277127.8721177578;-103.28020477294921875;-103.28020477294921875
1420278126.8731167316;-102.9971923828125;-102.9971923828125
1420279125.8741157055;-102.9702911376953125;-102.9702911376953125
1420280124.8751146793;-103.195648193359375;-103.195648193359375
1420281123.8761136532;-103.6654052734375;-103.6654052734375
1420282122.877112627;-104.365264892578125;-104.365264892578125
1420283121.8781116009;-105.26882171630859375;-105.26882171630859375
1420284120.8791105747;-106.3281707763671875;-106.3281707763671875
1420285119.8801095486;-107.462799072265625;-107.462799072265625
1420286118.8811085224;-108.55779266357421875;-108.55779266357421875
1420287117.8821074963;-109.49224090576171875;-109.49224090576171875
1420288116.8831064701;-110.2026824951171875;-110.2026824951171875
1420289115.884105444;-110.726165771484375;-110.726165771484375
1420290114.8851044178;-111.1653900146484375;-111.1653900146484375
1420291113.8861033916;-111.6087799072265625;-111.6087799072265625
1420292112.8871023655;-112.06105804443359375;-112.06105804443359375
1420293111.8881013393;-112.409149169921875;-112.409149169921875
1420294110.8891003132;-112.4477081298828125;-112.4477081298828125
1420295109.890099287;-112.02713775634765625;-112.02713775634765625
1420296108.8910982609;-111.21309661865234375;-111.21309661865234375
1420297107.8920972347;-110.2297210693359375;-110.2297210693359375
1420298106.8930962086;-109.28662872314453125;-109.28662872314453125
1420299105.8940951824;-108.50513458251953125;-108.50513458251953125
1420300104.8950941563;-107.934173583984375;-107.934173583984375
1420301103.8960931301;-107.57955169677734375;-107.57955169677734375
1420302102.897092104;-107.42010498046875;-107.42010498046875
1420303101.8980910778;-107.41275787353515625;-107.41275787353515625
1420304100.8990900517;-107.4917449951171875;-107.4917449951171875
1420305099.9000890255;-107.571441650390625;-107.571441650390625
1420306098.9010879993;-107.5635986328125;-107.5635986328125
1420307097.9020869732;-107.4113922119140625;-107.4113922119140625
1420308096.903085947;-107.1201171875;-107.1201171875
1420309095.9040849209;-106.75421142578125;-106.75421142578125
1420310094.9050838947;-106.40338897705078125;-106.40338897705078125
1420311093.9060828686;-106.14891815185546875;-106.14891815185546875
1420312092.9070818424;-106.0477447509765625;-106.0477447509765625
1420313091.9080808163;-106.12923431396484375;-106.12923431396484375
1420314090.9090797901;-106.39496612548828125;-106.39496612548828125
1420315089.910078764;-106.81417083740234375;-106.81417083740234375
1420316088.9110777378;-107.31562042236328125;-107.31562042236328125
1420317087.9120767117;-107.78472137451171875;-107.78472137451171875
1420318086.9130756855;-108.087554931640625;-108.087554931640625
1420319085.9140746593;-108.132476806640625;-108.132476806640625
1420320084.9150736332;-107.92278289794921875;-107.92278289794921875
1420321083.916072607;-107.53631591796875;-107.53631591796875
1420322082.9170715809;-107.058349609375;-107.058349609375
1420323081.9180705547;-106.5378265380859375;-106.5378265380859375
1420324080.9190695286;-105.988983154296875;-105.988983154296875
1420325079.9200685024;-105.41471099853515625;-105.41471099853515625
1420326078.9210674763;-104.8283538818359375;-104.8283538818359375
1420327077.9220664501;-104.25934600830078125;-104.25934600830078125
1420328076.923065424;-103.7464599609375;-103.7464599609375
1420329075.9240643978;-103.325714111328125;-103.325714111328125
1420330074.9250633717;-103.025665283203125;-103.025665283203125
1420331073.9260623455;-102.8726654052734375;-102.8726654052734375
1420332072.9270613194;-102.914581298828125;-102.914581298828125
1420333071.9280602932;-103.274200439453125;-103.274200439453125
1420334070.929059267;-104.27478790283203125;-104.27478790283203125
1420335069.9300582409;-106.79264068603515625;-106.79264068603515625
1420336068.9310572147;-111.5509490966796875;-111.5509490966796875
1420337067.9320561886;-103.135955810546875;-103.135955810546875
1420338066.9330551624;-94.746734619140625;-94.746734619140625
1420339065.9340541363;-88.50684356689453125;-88.50684356689453125
1420340064.9350531101;-83.36727142333984375;-83.36727142333984375
1420341063.936052084;-78.93370819091796875;-78.93370819091796875
1420342062.9370510578;-75.03020477294921875;-75.03020477294921875
1420343061.9380500317;-71.56912994384765625;-71.56912994384765625
1420344060.9390490055;-68.498931884765625;-68.498931884765625
1420345059.9400479794;-65.76384735107421875;-65.76384735107421875
1420346058.9410469532;-63.34232330322265625;-63.34232330322265625
1420347057.942045927;-61.21681976318359375;-61.21681976318359375
1420348056.9430449009;-59.373027801513671875;-59.373027801513671875
1420349055.9440438747;-57.79924774169921875;-57.79924774169921875
1420350054.9450428486;-56.485996246337890625;-56.485996246337890625
1420351053.9460418224;-55.42568206787109375;-55.42568206787109375
1420352052.9470407963;-54.612361907958984375;-54.612361907958984375
1420353051.9480397701;-54.04160308837890625;-54.04160308837890625
1420354050.949038744;-53.71031951904296875;-53.71031951904296875
1420355049.9500377178;-53.616729736328125;-53.616729736328125
1420356048.9510366917;-53.760284423828125;-53.760284423828125
1420357047.9520356655;-54.141632080078125;-54.141632080078125
1420358046.9530346394;-54.762653350830078125;-54.762653350830078125
1420359045.9540336132;-55.62648773193359375;-55.62648773193359375
1420360044.9550325871;-56.737560272216796875;-56.737560272216796875
1420361043.9560315609;-58.10166168212890625;-58.10166168212890625
1420362042.9570305347;-59.7260284423828125;-59.7260284423828125
1420363041.9580295086;-61.61937713623046875;-61.61937713623046875
1420364040.9590284824;-63.7918853759765625;-63.7918853759765625
1420365039.9600274563;-66.2549896240234375;-66.2549896240234375
1420366038.9610264301;-69.0208282470703125;-69.0208282470703125
1420367037.962025404;-72.110137939453125;-72.110137939453125
1420368036.9630243778;-75.55377960205078125;-75.55377960205078125
1420369035.9640233517;-79.36895751953125;-79.36895751953125
1420370034.9650223255;-83.583740234375;-83.583740234375
1420371033.9660212994;-88.214691162109375;-88.214691162109375
1420372032.9670202732;-93.16152191162109375;-93.16152191162109375
1420373031.9680192471;-97.67667388916015625;-97.67667388916015625
1420374030.9690182209;-99.773895263671875;-99.773895263671875
1420375029.9700171947;-101.78865814208984375;-101.78865814208984375
1420376028.9710161686;-98.4197998046875;-98.4197998046875
1420377027.9720151424;-97.59990692138671875;-97.59990692138671875
1420378026.9730141163;-97.00475311279296875;-97.00475311279296875
1420379025.9740130901;-96.617034912109375;-96.617034912109375
1420380024.975012064;-96.42200469970703125;-96.42200469970703125
1420381023.9760110378;-96.4173736572265625;-96.4173736572265625
1420382022.9770100117;-96.611572265625;-96.611572265625
1420383021.9780089855;-97.0223846435546875;-97.0223846435546875
1420384020.9790079594;-97.67800140380859375;-97.67800140380859375
1420385019.9800069332;-98.6204833984375;-98.6204833984375
1420386018.9810059071;-99.912872314453125;-99.912872314453125
1420387017.9820048809;-101.654876708984375;-101.654876708984375
1420388016.9830038548;-104.01927947998046875;-104.01927947998046875
1420389015.9840028286;-107.35494232177734375;-107.35494232177734375
1420390014.9850018024;-112.5874786376953125;-112.5874786376953125
1420391013.9860007763;-124.5621490478515625;-124.5621490478515625
1420392012.9869997501;-120.431243896484375;-120.431243896484375
1420393011.987998724;-113.516815185546875;-113.516815185546875
1420394010.9889976978;-110.8158721923828125;-110.8158721923828125
1420395009.9899966717;-109.806427001953125;-109.806427001953125
1420396008.9909956455;-109.9334869384765625;-109.9334869384765625
1420397007.9919946194;-111.07646942138671875;-111.07646942138671875
1420398006.9929935932;-113.21234893798828125;-113.21234893798828125
1420399005.9939925671;-115.42130279541015625;-115.42130279541015625
1420400004.9949915409;-114.1927032470703125;-114.1927032470703125
1420401003.9959905148;-110.57578277587890625;-110.57578277587890625
1420402002.9969894886;-107.422271728515625;-107.422271728515625
1420403001.9979884624;-105.0284271240234375;-105.0284271240234375
1420404000.9989874363;-103.22275543212890625;-103.22275543212890625
1420404999.9999864101;-101.85604095458984375;-101.85604095458984375
1420405999.000985384;-100.82529449462890625;-100.82529449462890625
1420406998.0019843578;-100.05841064453125;-100.05841064453125
1420407997.0029833317;-99.5017547607421875;-99.5017547607421875
1420408996.0039823055;-99.11273193359375;-99.11273193359375
1420409995.0049812794;-98.855499267578125;-98.855499267578125
1420410994.0059802532;-98.6989898681640625;-98.6989898681640625
1420411993.0069792271;-98.61641693115234375;-98.61641693115234375
1420412992.0079782009;-98.5859832763671875;-98.5859832763671875
1420413991.0089771748;-98.59209442138671875;-98.59209442138671875
1420414990.0099761486;-98.626434326171875;-98.626434326171875
1420415989.0109751225;-98.6882476806640625;-98.6882476806640625
1420416988.0119740963;-98.7836456298828125;-98.7836456298828125
1420417987.0129730701;-98.9239044189453125;-98.9239044189453125
1420418986.013972044;-99.123291015625;-99.123291015625
1420419985.0149710178;-99.39688873291015625;-99.39688873291015625
1420420984.0159699917;-99.758270263671875;-99.758270263671875
1420421983.0169689655;-100.21793365478515625;-100.21793365478515625
1420422982.0179679394;-100.78145599365234375;-100.78145599365234375
1420423981.0189669132;-101.4483795166015625;-101.4483795166015625
1420424980.0199658871;-102.2109832763671875;-102.2109832763671875
1420425979.0209648609;-103.05340576171875;-103.05340576171875
1420426978.0219638348;-103.950958251953125;-103.950958251953125
1420427977.0229628086;-104.87113189697265625;-104.87113189697265625
1420428976.0239617825;-105.7772674560546875;-105.7772674560546875
1420429975.0249607563;-106.63813018798828125;-106.63813018798828125
1420430974.0259597301;-107.44013214111328125;-107.44013214111328125
1420431973.026958704;-108.18138885498046875;-108.18138885498046875
1420432972.0279576778;-108.7931365966796875;-108.7931365966796875
1420433971.0289566517;-108.86504364013671875;-108.86504364013671875
1420434970.0299556255;-107.27642059326171875;-107.27642059326171875
1420435969.0309545994;-103.34548187255859375;-103.34548187255859375
1420436968.0319535732;-98.19072723388671875;-98.19072723388671875
1420437967.0329525471;-92.9069976806640625;-92.9069976806640625
1420438966.0339515209;-87.9015655517578125;-87.9015655517578125
1420439965.0349504948;-83.286102294921875;-83.286102294921875
1420440964.0359494686;-79.07852935791015625;-79.07852935791015625
1420441963.0369484425;-75.26651763916015625;-75.26651763916015625
1420442962.0379474163;-71.82854461669921875;-71.82854461669921875
1420443961.0389463902;-68.74179840087890625;-68.74179840087890625
1420444960.039945364;-65.985015869140625;-65.985015869140625
1420445959.0409443378;-63.539432525634765625;-63.539432525634765625
1420446958.0419433117;-61.388935089111328125;-61.388935089111328125
1420447957.0429422855;-59.519916534423828125;-59.519916534423828125
1420448956.0439412594;-57.9210052490234375;-57.9210052490234375
1420449955.0449402332;-56.582881927490234375;-56.582881927490234375
1420450954.0459392071;-55.5048828125;-55.5048828125
1420451953.0469381809;-54.673717498779296875;-54.673717498779296875
1420452952.0479371548;-54.084014892578125;-54.084014892578125
1420453951.0489361286;-53.73291778564453125;-53.73291778564453125
1420454950.0499351025;-53.61879730224609375;-53.61879730224609375
1420455949.0509340763;-53.741176605224609375;-53.741176605224609375
1420456948.0519330502;-54.100788116455078125;-54.100788116455078125
1420457947.052932024;-54.699573516845703125;-54.699573516845703125
1420458946.0539309978;-55.540744781494140625;-55.540744781494140625
1420459945.0549299717;-56.628902435302734375;-56.628902435302734375
1420460944.0559289455;-57.970180511474609375;-57.970180511474609375
1420461943.0569279194;-59.57244873046875;-59.57244873046875
1420462942.0579268932;-61.44562530517578125;-61.44562530517578125
1420463941.0589258671;-63.602130889892578125;-63.602130889892578125
1420464940.0599248409;-66.06092071533203125;-66.06092071533203125
1420465939.0609238148;-68.8484649658203125;-68.8484649658203125
1420466938.0619227886;-71.98340606689453125;-71.98340606689453125
1420467937.0629217625;-75.500091552734375;-75.500091552734375
1420468936.0639207363;-79.44661712646484375;-79.44661712646484375
1420469935.0649197102;-83.8958892822265625;-83.8958892822265625
1420470934.065918684;-88.9709320068359375;-88.9709320068359375
1420471933.0669176579;-94.904815673828125;-94.904815673828125
1420472932.0679166317;-102.12880706787109375;-102.12880706787109375
1420473931.0689156055;-109.701324462890625;-109.701324462890625
1420474930.0699145794;-109.4207000732421875;-109.4207000732421875
1420475929.0709135532;-107.2570343017578125;-107.2570343017578125
1420476928.0719125271;-106.20677947998046875;-106.20677947998046875
1420477927.0729115009;-105.77568817138671875;-105.77568817138671875
1420478926.0739104748;-105.6790924072265625;-105.6790924072265625
1420479925.0749094486;-105.8007354736328125;-105.8007354736328125
1420480924.0759084225;-106.09002685546875;-106.09002685546875
1420481923.0769073963;-106.51322174072265625;-106.51322174072265625
1420482922.0779063702;-107.02855682373046875;-107.02855682373046875
1420483921.078905344;-107.57361602783203125;-107.57361602783203125
1420484920.0799043179;-108.062896728515625;-108.062896728515625
1420485919.0809032917;-108.4043731689453125;-108.4043731689453125
1420486918.0819022655;-108.53472900390625;-108.53472900390625
1420487917.0829012394;-108.4566497802734375;-108.4566497802734375
1420488916.0839002132;-108.2394561767578125;-108.2394561767578125
1420489915.0848991871;-107.98694610595703125;-107.98694610595703125
1420490914.0858981609;-107.80234527587890625;-107.80234527587890625
1420491913.0868971348;-107.77274322509765625;-107.77274322509765625
1420492912.0878961086;-107.97209930419921875;-107.97209930419921875
1420493911.0888950825;-108.4718475341796875;-108.4718475341796875
1420494910.0898940563;-109.35599517822265625;-109.35599517822265625
1420495909.0908930302;-110.74652099609375;-110.74652099609375
1420496908.091892004;-112.85211181640625;-112.85211181640625
1420497907.0928909779;-116.08478546142578125;-116.08478546142578125
1420498906.0938899517;-121.14562225341796875;-121.14562225341796875
1420499905.0948889256;-123.43730926513671875;-123.43730926513671875
1420500904.0958878994;-117.78311920166015625;-117.78311920166015625
1420501903.0968868732;-113.58917999267578125;-113.58917999267578125
1420502902.0978858471;-110.72693634033203125;-110.72693634033203125
1420503901.0988848209;-108.60121917724609375;-108.60121917724609375
1420504900.0998837948;-106.909698486328125;-106.909698486328125
1420505899.1008827686;-105.49047088623046875;-105.49047088623046875
1420506898.1018817425;-104.25585174560546875;-104.25585174560546875
1420507897.1028807163;-103.16357421875;-103.16357421875
1420508896.1038796902;-102.19899749755859375;-102.19899749755859375
1420509895.104878664;-101.36324310302734375;-101.36324310302734375
1420510894.1058776379;-100.66384124755859375;-100.66384124755859375
1420511893.1068766117;-100.10962677001953125;-100.10962677001953125
1420512892.1078755856;-99.7076568603515625;-99.7076568603515625
1420513891.1088745594;-99.4622802734375;-99.4622802734375
1420514890.1098735332;-99.3743438720703125;-99.3743438720703125
1420515889.1108725071;-99.440582275390625;-99.440582275390625
1420516888.1118714809;-99.65232086181640625;-99.65232086181640625
1420517887.1128704548;-99.9930572509765625;-99.9930572509765625
1420518886.1138694286;-100.43536376953125;-100.43536376953125
1420519885.1148684025;-100.93766021728515625;-100.93766021728515625
1420520884.1158673763;-101.44408416748046875;-101.44408416748046875
1420521883.1168663502;-101.891937255859375;-101.891937255859375
1420522882.117865324;-102.229644775390625;-102.229644775390625
1420523881.1188642979;-102.43701171875;-102.43701171875
1420524880.1198632717;-102.53298187255859375;-102.53298187255859375
1420525879.1208622456;-102.562103271484375;-102.562103271484375
1420526878.1218612194;-102.5702056884765625;-102.5702056884765625
1420527877.1228601933;-102.58567047119140625;-102.58567047119140625
1420528876.1238591671;-102.612945556640625;-102.612945556640625
1420529875.1248581409;-102.6372528076171875;-102.6372528076171875
1420530874.1258571148;-102.63809967041015625;-102.63809967041015625
1420531873.1268560886;-102.6065826416015625;-102.6065826416015625
1420532872.1278550625;-102.5584716796875;-102.5584716796875
1420533871.1288540363;-102.5350494384765625;-102.5350494384765625
1420534870.1298530102;-102.5934906005859375;-102.5934906005859375
1420535869.130851984;-102.79422760009765625;-102.79422760009765625
1420536868.1318509579;-103.192901611328125;-103.192901611328125
1420537867.1328499317;-103.837799072265625;-103.837799072265625
1420538866.1338489056;-104.77037811279296875;-104.77037811279296875
1420539865.1348478794;-106.0245361328125;-106.0245361328125
1420540864.1358468533;-107.618377685546875;-107.618377685546875
1420541863.1368458271;-109.5210723876953125;-109.5210723876953125
1420542862.1378448009;-111.5572052001953125;-111.5572052001953125
1420543861.1388437748;-113.24010467529296875;-113.24010467529296875
1420544860.1398427486;-113.903045654296875;-113.903045654296875
1420545859.1408417225;-113.497833251953125;-113.497833251953125
1420546858.1418406963;-112.622589111328125;-112.622589111328125
1420547857.1428396702;-111.72484588623046875;-111.72484588623046875
1420548856.143838644;-110.95870208740234375;-110.95870208740234375
1420549855.1448376179;-110.35648345947265625;-110.35648345947265625
1420550854.1458365917;-109.9265594482421875;-109.9265594482421875
1420551853.1468355656;-109.67645263671875;-109.67645263671875
1420552852.1478345394;-109.6082305908203125;-109.6082305908203125
1420553851.1488335133;-109.7047882080078125;-109.7047882080078125
1420554850.1498324871;-109.918609619140625;-109.918609619140625
1420555849.150831461;-110.165374755859375;-110.165374755859375
1420556848.1518304348;-110.33506011962890625;-110.33506011962890625
1420557847.1528294086;-110.326324462890625;-110.326324462890625
1420558846.1538283825;-110.08934783935546875;-110.08934783935546875
1420559845.1548273563;-109.63547515869140625;-109.63547515869140625
1420560844.1558263302;-109.0098724365234375;-109.0098724365234375
1420561843.156825304;-108.26270294189453125;-108.26270294189453125
1420562842.1578242779;-107.44342041015625;-107.44342041015625
1420563841.1588232517;-106.60552978515625;-106.60552978515625
1420564840.1598222256;-105.80620574951171875;-105.80620574951171875
1420565839.1608211994;-105.09813690185546875;-105.09813690185546875
1420566838.1618201733;-104.5225067138671875;-104.5225067138671875
1420567837.1628191471;-104.10524749755859375;-104.10524749755859375
1420568836.163818121;-103.8580474853515625;-103.8580474853515625
1420569835.1648170948;-103.7804718017578125;-103.7804718017578125
1420570834.1658160686;-103.86312103271484375;-103.86312103271484375
1420571833.1668150425;-104.0904388427734375;-104.0904388427734375
1420572832.1678140163;-104.44446563720703125;-104.44446563720703125
1420573831.1688129902;-104.90868377685546875;-104.90868377685546875
1420574830.169811964;-105.4732666015625;-105.4732666015625
1420575829.1708109379;-106.13986968994140625;-106.13986968994140625
1420576828.1718099117;-106.92467498779296875;-106.92467498779296875
1420577827.1728088856;-107.858001708984375;-107.858001708984375
1420578826.1738078594;-108.978729248046875;-108.978729248046875
1420579825.1748068333;-110.3197784423828125;-110.3197784423828125
1420580824.1758058071;-111.86858367919921875;-111.86858367919921875
1420581823.176804781;-113.4762420654296875;-113.4762420654296875
1420582822.1778037548;-114.72940826416015625;-114.72940826416015625
1420583821.1788027287;-115.112396240234375;-115.112396240234375
1420584820.1798017025;-114.66011810302734375;-114.66011810302734375
1420585819.1808006763;-113.93476104736328125;-113.93476104736328125
1420586818.1817996502;-113.37807464599609375;-113.37807464599609375
1420587817.182798624;-113.1583251953125;-113.1583251953125
1420588816.1837975979;-113.2863006591796875;-113.2863006591796875
1420589815.1847965717;-113.685333251953125;-113.685333251953125
1420590814.1857955456;-114.209716796875;-114.209716796875
1420591813.1867945194;-114.67926025390625;-114.67926025390625
1420592812.1877934933;-114.96636962890625;-114.96636962890625
1420593811.1887924671;-115.0580291748046875;-115.0580291748046875
1420594810.189791441;-114.972930908203125;-114.972930908203125
1420595809.1907904148;-114.59264373779296875;-114.59264373779296875
1420596808.1917893887;-113.65447235107421875;-113.65447235107421875
1420597807.1927883625;-112.05681610107421875;-112.05681610107421875
1420598806.1937873363;-110.05789947509765625;-110.05789947509765625
1420599805.1947863102;-108.01019287109375;-108.01019287109375
1420600804.195785284;-106.12570953369140625;-106.12570953369140625
1420601803.1967842579;-104.48210906982421875;-104.48210906982421875
1420602802.1977832317;-103.08860015869140625;-103.08860015869140625
1420603801.1987822056;-101.92760467529296875;-101.92760467529296875
1420604800.1997811794;-100.97389984130859375;-100.97389984130859375
1420605799.2007801533;-100.20250701904296875;-100.20250701904296875
1420606798.2017791271;-99.5921173095703125;-99.5921173095703125
1420607797.202778101;-99.12660980224609375;-99.12660980224609375
1420608796.2037770748;-98.79543304443359375;-98.79543304443359375
1420609795.2047760487;-98.5933380126953125;-98.5933380126953125
1420610794.2057750225;-98.51938629150390625;-98.51938629150390625
1420611793.2067739964;-98.5750274658203125;-98.5750274658203125
1420612792.2077729702;-98.76215362548828125;-98.76215362548828125
1420613791.208771944;-99.079833984375;-99.079833984375
1420614790.2097709179;-99.52045440673828125;-99.52045440673828125
1420615789.2107698917;-100.06494140625;-100.06494140625
1420616788.2117688656;-100.6780548095703125;-100.6780548095703125
1420617787.2127678394;-101.305816650390625;-101.305816650390625
1420618786.2137668133;-101.88211822509765625;-101.88211822509765625
1420619785.2147657871;-102.34700775146484375;-102.34700775146484375
1420620784.215764761;-102.67250823974609375;-102.67250823974609375
1420621783.2167637348;-102.8753204345703125;-102.8753204345703125
1420622782.2177627087;-103.00408935546875;-103.00408935546875
1420623781.2187616825;-103.11147308349609375;-103.11147308349609375
1420624780.2197606564;-103.2299957275390625;-103.2299957275390625
1420625779.2207596302;-103.359619140625;-103.359619140625
1420626778.221758604;-103.4627227783203125;-103.4627227783203125
1420627777.2227575779;-103.4664154052734375;-103.4664154052734375
1420628776.2237565517;-103.28034210205078125;-103.28034210205078125
1420629775.2247555256;-102.8372344970703125;-102.8372344970703125
1420630774.2257544994;-102.13770294189453125;-102.13770294189453125
1420631773.2267534733;-101.25774383544921875;-101.25774383544921875
1420632772.2277524471;-100.3108673095703125;-100.3108673095703125
1420633771.228751421;-99.40438079833984375;-99.40438079833984375
1420634770.2297503948;-98.61916351318359375;-98.61916351318359375
1420635769.2307493687;-98.010162353515625;-98.010162353515625
1420636768.2317483425;-97.6141357421875;-97.6141357421875
1420637767.2327473164;-97.458099365234375;-97.458099365234375
1420638766.2337462902;-97.565948486328125;-97.565948486328125
1420639765.2347452641;-97.9643707275390625;-97.9643707275390625
1420640764.2357442379;-98.6889495849609375;-98.6889495849609375
1420641763.2367432117;-99.792510986328125;-99.792510986328125
1420642762.2377421856;-101.3577728271484375;-101.3577728271484375
1420643761.2387411594;-103.51509857177734375;-103.51509857177734375
1420644760.2397401333;-106.432037353515625;-106.432037353515625
1420645759.2407391071;-109.89952850341796875;-109.89952850341796875
1420646758.241738081;-111.10738372802734375;-111.10738372802734375
1420647757.2427370548;-108.40389251708984375;-108.40389251708984375
1420648756.2437360287;-105.499267578125;-105.499267578125
1420649755.2447350025;-103.3656005859375;-103.3656005859375
1420650754.2457339764;-101.87686920166015625;-101.87686920166015625
1420651753.2467329502;-100.8759765625;-100.8759765625
1420652752.2477319241;-100.26114654541015625;-100.26114654541015625
1420653751.2487308979;-99.97223663330078125;-99.97223663330078125
1420654750.2497298717;-99.97686767578125;-99.97686767578125
1420655749.2507288456;-100.26267242431640625;-100.26267242431640625
1420656748.2517278194;-100.83281707763671875;-100.83281707763671875
1420657747.2527267933;-101.70198822021484375;-101.70198822021484375
1420658746.2537257671;-102.88600921630859375;-102.88600921630859375
1420659745.254724741;-104.36611175537109375;-104.36611175537109375
1420660744.2557237148;-105.96974945068359375;-105.96974945068359375
1420661743.2567226887;-107.1201934814453125;-107.1201934814453125
1420662742.2577216625;-106.977020263671875;-106.977020263671875
1420663741.2587206364;-105.61469268798828125;-105.61469268798828125
1420664740.2597196102;-103.89363861083984375;-103.89363861083984375
1420665739.2607185841;-102.3338470458984375;-102.3338470458984375
1420666738.2617175579;-101.078460693359375;-101.078460693359375
1420667737.2627165318;-100.13585662841796875;-100.13585662841796875
1420668736.2637155056;-99.48358154296875;-99.48358154296875
1420669735.2647144794;-99.098419189453125;-99.098419189453125
1420670734.2657134533;-98.96346282958984375;-98.96346282958984375
1420671733.2667124271;-99.069000244140625;-99.069000244140625
1420672732.267711401;-99.41139984130859375;-99.41139984130859375
1420673731.2687103748;-99.9907073974609375;-99.9907073974609375
1420674730.2697093487;-100.80524444580078125;-100.80524444580078125
1420675729.2707083225;-101.83930206298828125;-101.83930206298828125
1420676728.2717072964;-103.037109375;-103.037109375
1420677727.2727062702;-104.25794219970703125;-104.25794219970703125
1420678726.2737052441;-105.2458953857421875;-105.2458953857421875
1420679725.2747042179;-105.7370452880859375;-105.7370452880859375
1420680724.2757031918;-105.71598052978515625;-105.71598052978515625
1420681723.2767021656;-105.4580078125;-105.4580078125
1420682722.2777011395;-105.28171539306640625;-105.28171539306640625
1420683721.2787001133;-105.39495849609375;-105.39495849609375
1420684720.2796990871;-105.8899078369140625;-105.8899078369140625
1420685719.280698061;-106.72051239013671875;-106.72051239013671875
1420686718.2816970348;-107.53057098388671875;-107.53057098388671875
1420687717.2826960087;-107.481597900390625;-107.481597900390625
1420688716.2836949825;-106.07324981689453125;-106.07324981689453125
1420689715.2846939564;-103.985626220703125;-103.985626220703125
1420690714.2856929302;-101.9649505615234375;-101.9649505615234375
1420691713.2866919041;-100.28107452392578125;-100.28107452392578125
1420692712.2876908779;-98.97240447998046875;-98.97240447998046875
1420693711.2886898518;-98.01419830322265625;-98.01419830322265625
1420694710.2896888256;-97.37220001220703125;-97.37220001220703125
1420695709.2906877995;-97.01598358154296875;-97.01598358154296875
1420696708.2916867733;-96.92131805419921875;-96.92131805419921875
1420697707.2926857471;-97.06972503662109375;-97.06972503662109375
1420698706.293684721;-97.44776153564453125;-97.44776153564453125
1420699705.2946836948;-98.045867919921875;-98.045867919921875
1420700704.2956826687;-98.8564910888671875;-98.8564910888671875
1420701703.2966816425;-99.86927032470703125;-99.86927032470703125
1420702702.2976806164;-101.05908966064453125;-101.05908966064453125
1420703701.2986795902;-102.358978271484375;-102.358978271484375
1420704700.2996785641;-103.611572265625;-103.611572265625
1420705699.3006775379;-104.53647613525390625;-104.53647613525390625
1420706698.3016765118;-104.848175048828125;-104.848175048828125
1420707697.3026754856;-104.53382110595703125;-104.53382110595703125
1420708696.3036744595;-103.8792266845703125;-103.8792266845703125
1420709695.3046734333;-103.19652557373046875;-103.19652557373046875
1420710694.3056724072;-102.67737579345703125;-102.67737579345703125
1420711693.306671381;-102.4168548583984375;-102.4168548583984375
1420712692.3076703548;-102.46593475341796875;-102.46593475341796875
1420713691.3086693287;-102.866241455078125;-102.866241455078125
1420714690.3096683025;-103.67075347900390625;-103.67075347900390625
1420715689.3106672764;-104.96489715576171875;-104.96489715576171875
1420716688.3116662502;-106.90213775634765625;-106.90213775634765625
1420717687.3126652241;-109.78925323486328125;-109.78925323486328125
1420718686.3136641979;-114.33438873291015625;-114.33438873291015625
1420719685.3146631718;-121.42951202392578125;-121.42951202392578125
1420720684.3156621456;-118.55919647216796875;-118.55919647216796875
1420721683.3166611195;-113.32456207275390625;-113.32456207275390625
1420722682.3176600933;-110.4983062744140625;-110.4983062744140625
1420723681.3186590672;-109.00814056396484375;-109.00814056396484375
1420724680.319658041;-108.4140472412109375;-108.4140472412109375
1420725679.3206570148;-108.53292083740234375;-108.53292083740234375
1420726678.3216559887;-109.26511383056640625;-109.26511383056640625
1420727677.3226549625;-110.4424285888671875;-110.4424285888671875
1420728676.3236539364;-111.50656890869140625;-111.50656890869140625
1420729675.3246529102;-111.3456573486328125;-111.3456573486328125
1420730674.3256518841;-109.69779205322265625;-109.69779205322265625
1420731673.3266508579;-107.59258270263671875;-107.59258270263671875
1420732672.3276498318;-105.70668792724609375;-105.70668792724609375
1420733671.3286488056;-104.19425201416015625;-104.19425201416015625
1420734670.3296477795;-103.0369110107421875;-103.0369110107421875
1420735669.3306467533;-102.18373870849609375;-102.18373870849609375
1420736668.3316457272;-101.58602142333984375;-101.58602142333984375
1420737667.332644701;-101.20420074462890625;-101.20420074462890625
1420738666.3336436749;-101.00804901123046875;-101.00804901123046875
1420739665.3346426487;-100.97583770751953125;-100.97583770751953125
1420740664.3356416225;-101.0933074951171875;-101.0933074951171875
1420741663.3366405964;-101.35240936279296875;-101.35240936279296875
1420742662.3376395702;-101.7495574951171875;-101.7495574951171875
1420743661.3386385441;-102.28333282470703125;-102.28333282470703125
1420744660.3396375179;-102.94939422607421875;-102.94939422607421875
1420745659.3406364918;-103.73284149169921875;-103.73284149169921875
1420746658.3416354656;-104.59366607666015625;-104.59366607666015625
1420747657.3426344395;-105.445770263671875;-105.445770263671875
1420748656.3436334133;-106.14177703857421875;-106.14177703857421875
1420749655.3446323872;-106.50487518310546875;-106.50487518310546875
1420750654.345631361;-106.43711090087890625;-106.43711090087890625
1420751653.3466303349;-106.00901031494140625;-106.00901031494140625
1420752652.3476293087;-105.40372467041015625;-105.40372467041015625
1420753651.3486282825;-104.79792022705078125;-104.79792022705078125
1420754650.3496272564;-104.3072509765625;-104.3072509765625
1420755649.3506262302;-103.9931488037109375;-103.9931488037109375
1420756648.3516252041;-103.883514404296875;-103.883514404296875
1420757647.3526241779;-103.98799896240234375;-103.98799896240234375
1420758646.3536231518;-104.3060150146484375;-104.3060150146484375
1420759645.3546221256;-104.830230712890625;-104.830230712890625
1420760644.3556210995;-105.54737091064453125;-105.54737091064453125
1420761643.3566200733;-106.43724822998046875;-106.43724822998046875
1420762642.3576190472;-107.4697723388671875;-107.4697723388671875
1420763641.358618021;-108.59723663330078125;-108.59723663330078125
1420764640.3596169949;-109.73638916015625;-109.73638916015625
1420765639.3606159687;-110.7362823486328125;-110.7362823486328125
1420766638.3616149426;-111.35300445556640625;-111.35300445556640625
1420767637.3626139164;-111.32366943359375;-111.32366943359375
1420768636.3636128902;-110.57698822021484375;-110.57698822021484375
1420769635.3646118641;-109.31633758544921875;-109.31633758544921875
1420770634.3656108379;-107.8297882080078125;-107.8297882080078125
1420771633.3666098118;-106.32411956787109375;-106.32411956787109375
1420772632.3676087856;-104.91089630126953125;-104.91089630126953125
1420773631.3686077595;-103.644195556640625;-103.644195556640625
1420774630.3696067333;-102.55060577392578125;-102.55060577392578125
1420775629.3706057072;-101.6449737548828125;-101.6449737548828125
1420776628.371604681;-100.93735504150390625;-100.93735504150390625
1420777627.3726036549;-100.43650054931640625;-100.43650054931640625
1420778626.3736026287;-100.151275634765625;-100.151275634765625
1420779625.3746016026;-100.09137725830078125;-100.09137725830078125
1420780624.3756005764;-100.26703643798828125;-100.26703643798828125
1420781623.3765995502;-100.68650054931640625;-100.68650054931640625
1420782622.3775985241;-101.348785400390625;-101.348785400390625
1420783621.3785974979;-102.224761962890625;-102.224761962890625
1420784620.3795964718;-103.2147979736328125;-103.2147979736328125
1420785619.3805954456;-104.08437347412109375;-104.08437347412109375
1420786618.3815944195;-104.47312164306640625;-104.47312164306640625
1420787617.3825933933;-104.15838623046875;-104.15838623046875
1420788616.3835923672;-103.31884002685546875;-103.31884002685546875
1420789615.384591341;-102.32244110107421875;-102.32244110107421875
1420790614.3855903149;-101.43087005615234375;-101.43087005615234375
1420791613.3865892887;-100.7638397216796875;-100.7638397216796875
1420792612.3875882626;-100.36220550537109375;-100.36220550537109375
1420793611.3885872364;-100.2336883544921875;-100.2336883544921875
1420794610.3895862103;-100.37212371826171875;-100.37212371826171875
1420795609.3905851841;-100.76149749755859375;-100.76149749755859375
1420796608.3915841579;-101.3688812255859375;-101.3688812255859375
1420797607.3925831318;-102.12718963623046875;-102.12718963623046875
1420798606.3935821056;-102.909393310546875;-102.909393310546875
1420799605.3945810795;-103.520111083984375;-103.520111083984375
1420800604.3955800533;-103.763397216796875;-103.763397216796875
1420801603.3965790272;-103.5859375;-103.5859375
1420802602.397578001;-103.12497711181640625;-103.12497711181640625
1420803601.3985769749;-102.5859222412109375;-102.5859222412109375
1420804600.3995759487;-102.12583160400390625;-102.12583160400390625
1420805599.4005749226;-101.83109283447265625;-101.83109283447265625
1420806598.4015738964;-101.7414398193359375;-101.7414398193359375
1420807597.4025728703;-101.8731842041015625;-101.8731842041015625
1420808596.4035718441;-102.23468780517578125;-102.23468780517578125
1420809595.4045708179;-102.8348388671875;-102.8348388671875
1420810594.4055697918;-103.68878173828125;-103.68878173828125
1420811593.4065687656;-104.82114410400390625;-104.82114410400390625
1420812592.4075677395;-106.2658538818359375;-106.2658538818359375
1420813591.4085667133;-108.05246734619140625;-108.05246734619140625
1420814590.4095656872;-110.138031005859375;-110.138031005859375
1420815589.410564661;-112.165924072265625;-112.165924072265625
1420816588.4115636349;-113.13603973388671875;-113.13603973388671875
1420817587.4125626087;-112.40076446533203125;-112.40076446533203125
1420818586.4135615826;-110.87099456787109375;-110.87099456787109375
1420819585.4145605564;-109.4450225830078125;-109.4450225830078125
1420820584.4155595303;-108.4032135009765625;-108.4032135009765625
1420821583.4165585041;-107.7816925048828125;-107.7816925048828125
1420822582.417557478;-107.56668853759765625;-107.56668853759765625
1420823581.4185564518;-107.74636077880859375;-107.74636077880859375
1420824580.4195554256;-108.322113037109375;-108.322113037109375
1420825579.4205543995;-109.30963134765625;-109.30963134765625
1420826578.4215533733;-110.73070526123046875;-110.73070526123046875
1420827577.4225523472;-112.5690155029296875;-112.5690155029296875
1420828576.423551321;-114.58036041259765625;-114.58036041259765625
1420829575.4245502949;-115.8231201171875;-115.8231201171875
1420830574.4255492687;-115.14218902587890625;-115.14218902587890625
1420831573.4265482426;-113.201080322265625;-113.201080322265625
1420832572.4275472164;-111.16780853271484375;-111.16780853271484375
1420833571.4285461903;-109.4386138916015625;-109.4386138916015625
1420834570.4295451641;-108.06076812744140625;-108.06076812744140625
1420835569.430544138;-107.0135345458984375;-107.0135345458984375
1420836568.4315431118;-106.27811431884765625;-106.27811431884765625
1420837567.4325420856;-105.84772491455078125;-105.84772491455078125
1420838566.4335410595;-105.726470947265625;-105.726470947265625
1420839565.4345400333;-105.92763519287109375;-105.92763519287109375
1420840564.4355390072;-106.47119140625;-106.47119140625
1420841563.436537981;-107.3806610107421875;-107.3806610107421875
1420842562.4375369549;-108.66814422607421875;-108.66814422607421875
1420843561.4385359287;-110.28469085693359375;-110.28469085693359375
1420844560.4395349026;-111.9760284423828125;-111.9760284423828125
1420845559.4405338764;-113.0909881591796875;-113.0909881591796875
1420846558.4415328503;-113.0137481689453125;-113.0137481689453125
1420847557.4425318241;-112.104583740234375;-112.104583740234375
1420848556.443530798;-111.11415863037109375;-111.11415863037109375
1420849555.4445297718;-110.40439605712890625;-110.40439605712890625
1420850554.4455287457;-110.01909637451171875;-110.01909637451171875
1420851553.4465277195;-109.82242584228515625;-109.82242584228515625
1420852552.4475266933;-109.52716827392578125;-109.52716827392578125
1420853551.4485256672;-108.79007720947265625;-108.79007720947265625
1420854550.449524641;-107.48897552490234375;-107.48897552490234375
1420855549.4505236149;-105.83699798583984375;-105.83699798583984375
1420856548.4515225887;-104.1324005126953125;-104.1324005126953125
1420857547.4525215626;-102.56195831298828125;-102.56195831298828125
1420858546.4535205364;-101.20151519775390625;-101.20151519775390625
1420859545.4545195103;-100.0677947998046875;-100.0677947998046875
1420860544.4555184841;-99.15285491943359375;-99.15285491943359375
1420861543.456517458;-98.439788818359375;-98.439788818359375
1420862542.4575164318;-97.90901947021484375;-97.90901947021484375
1420863541.4585154057;-97.5402374267578125;-97.5402374267578125
1420864540.4595143795;-97.3124237060546875;-97.3124237060546875
1420865539.4605133533;-97.20383453369140625;-97.20383453369140625
1420866538.4615123272;-97.1912689208984375;-97.1912689208984375
1420867537.462511301;-97.2501220703125;-97.2501220703125
1420868536.4635102749;-97.3553009033203125;-97.3553009033203125
1420869535.4645092487;-97.4839324951171875;-97.4839324951171875
1420870534.4655082226;-97.61832427978515625;-97.61832427978515625
1420871533.4665071964;-97.75048065185546875;-97.75048065185546875
1420872532.4675061703;-97.88419342041015625;-97.88419342041015625
1420873531.4685051441;-98.034759521484375;-98.034759521484375
1420874530.469504118;-98.22617340087890625;-98.22617340087890625
1420875529.4705030918;-98.4862213134765625;-98.4862213134765625
1420876528.4715020657;-98.842132568359375;-98.842132568359375
1420877527.4725010395;-99.316650390625;-99.316650390625
1420878526.4735000134;-99.92401123046875;-99.92401123046875
1420879525.4744989872;-100.6642608642578125;-100.6642608642578125
1420880524.475497961;-101.5127716064453125;-101.5127716064453125
1420881523.4764969349;-102.4021759033203125;-102.4021759033203125
1420882522.4774959087;-103.2028350830078125;-103.2028350830078125
1420883521.4784948826;-103.7326202392578125;-103.7326202392578125
1420884520.4794938564;-103.84365081787109375;-103.84365081787109375
1420885519.4804928303;-103.5422515869140625;-103.5422515869140625
1420886518.4814918041;-102.9884033203125;-102.9884033203125
1420887517.482490778;-102.37603759765625;-102.37603759765625
1420888516.4834897518;-101.84839630126953125;-101.84839630126953125
1420889515.4844887257;-101.49029541015625;-101.49029541015625
1420890514.4854876995;-101.34940338134765625;-101.34940338134765625
1420891513.4864866734;-101.45601654052734375;-101.45601654052734375
1420892512.4874856472;-101.83600616455078125;-101.83600616455078125
1420893511.488484621;-102.519683837890625;-102.519683837890625
1420894510.4894835949;-103.550537109375;-103.550537109375
1420895509.4904825687;-104.9979095458984375;-104.9979095458984375
1420896508.4914815426;-106.98265838623046875;-106.98265838623046875
1420897507.4924805164;-109.738525390625;-109.738525390625
1420898506.4934794903;-113.79320526123046875;-113.79320526123046875
1420899505.4944784641;-120.5025482177734375;-120.5025482177734375
1420900504.495477438;-123.51825714111328125;-123.51825714111328125
1420901503.4964764118;-116.66262054443359375;-116.66262054443359375
1420902502.4974753857;-112.85634613037109375;-112.85634613037109375
1420903501.4984743595;-110.60999298095703125;-110.60999298095703125
1420904500.4994733334;-109.2058868408203125;-109.2058868408203125
