Theta [deg.]  Phi   [deg.]  Abs(Dir.)[dBi   ]   Abs(Theta)[dBi   ]  Phase(Theta)[deg.]  Abs(Phi  )[dBi   ]  Phase(Phi  )[deg.]  Ax.Ratio[dB    ]    
------------------------------------------------------------------------------------------------------------------------------------------------------
   0.000           0.000            1.690e+01           1.690e+01             234.914          -4.871e+01             217.719           4.000e+01     
   1.000           0.000            1.688e+01           1.688e+01             234.879          -4.917e+01             218.768           4.000e+01     
   2.000           0.000            1.681e+01           1.681e+01             234.805          -4.967e+01             219.842           4.000e+01     
   3.000           0.000            1.668e+01           1.668e+01             234.697          -5.020e+01             221.007           4.000e+01     
   4.000           0.000            1.651e+01           1.651e+01             234.561          -5.076e+01             222.338           4.000e+01     
   5.000           0.000            1.629e+01           1.629e+01             234.409          -5.134e+01             223.917           4.000e+01     
   6.000           0.000            1.602e+01           1.602e+01             234.254          -5.193e+01             225.827           4.000e+01     
   7.000           0.000            1.570e+01           1.570e+01             234.116          -5.251e+01             228.141           4.000e+01     
   8.000           0.000            1.534e+01           1.534e+01             234.017          -5.305e+01             230.913           4.000e+01     
   9.000           0.000            1.492e+01           1.492e+01             233.985          -5.354e+01             234.152           4.000e+01     
  10.000           0.000            1.446e+01           1.446e+01             234.054          -5.395e+01             237.802           4.000e+01     
  11.000           0.000            1.395e+01           1.395e+01             234.261          -5.425e+01             241.728           4.000e+01     
  12.000           0.000            1.340e+01           1.340e+01             234.652          -5.443e+01             245.719           4.000e+01     
  13.000           0.000            1.283e+01           1.283e+01             235.273          -5.448e+01             249.524           4.000e+01     
  14.000           0.000            1.222e+01           1.222e+01             236.174          -5.441e+01             252.895           4.000e+01     
  15.000           0.000            1.160e+01           1.160e+01             237.401          -5.426e+01             255.636           4.000e+01     
  16.000           0.000            1.098e+01           1.098e+01             238.987          -5.404e+01             257.626           4.000e+01     
  17.000           0.000            1.039e+01           1.039e+01             240.939          -5.380e+01             258.812           4.000e+01     
  18.000           0.000            9.832e+00           9.832e+00             243.230          -5.355e+01             259.192           4.000e+01     
  19.000           0.000            9.340e+00           9.340e+00             245.779          -5.332e+01             258.797           4.000e+01     
  20.000           0.000            8.931e+00           8.931e+00             248.452          -5.311e+01             257.674           4.000e+01     
  21.000           0.000            8.615e+00           8.615e+00             251.070          -5.295e+01             255.873           4.000e+01     
  22.000           0.000            8.394e+00           8.394e+00             253.434          -5.284e+01             253.439           4.000e+01     
  23.000           0.000            8.257e+00           8.257e+00             255.359          -5.277e+01             250.418           4.000e+01     
  24.000           0.000            8.189e+00           8.189e+00             256.703          -5.275e+01             246.850           4.000e+01     
  25.000           0.000            8.166e+00           8.166e+00             257.377          -5.278e+01             242.772           4.000e+01     
  26.000           0.000            8.167e+00           8.167e+00             257.346          -5.285e+01             238.224           4.000e+01     
  27.000           0.000            8.172e+00           8.172e+00             256.614          -5.297e+01             233.242           4.000e+01     
  28.000           0.000            8.166e+00           8.166e+00             255.218          -5.313e+01             227.868           4.000e+01     
  29.000           0.000            8.136e+00           8.136e+00             253.206          -5.333e+01             222.145           4.000e+01     
  30.000           0.000            8.073e+00           8.073e+00             250.636          -5.356e+01             216.121           4.000e+01     
  31.000           0.000            7.971e+00           7.971e+00             247.566          -5.383e+01             209.847           4.000e+01     
  32.000           0.000            7.825e+00           7.825e+00             244.054          -5.413e+01             203.375           4.000e+01     
  33.000           0.000            7.631e+00           7.631e+00             240.154          -5.448e+01             196.764           4.000e+01     
  34.000           0.000            7.388e+00           7.388e+00             235.919          -5.486e+01             190.077           4.000e+01     
  35.000           0.000            7.094e+00           7.094e+00             231.402          -5.529e+01             183.384           4.000e+01     
  36.000           0.000            6.746e+00           6.746e+00             226.651          -5.577e+01             176.763           4.000e+01     
  37.000           0.000            6.344e+00           6.344e+00             221.718          -5.630e+01             170.309           4.000e+01     
  38.000           0.000            5.884e+00           5.884e+00             216.658          -5.690e+01             164.134           4.000e+01     
  39.000           0.000            5.365e+00           5.365e+00             211.529          -5.758e+01             158.376           4.000e+01     
  40.000           0.000            4.782e+00           4.782e+00             206.393          -5.836e+01             153.205           4.000e+01     
  41.000           0.000            4.133e+00           4.133e+00             201.323          -5.924e+01             148.841           4.000e+01     
  42.000           0.000            3.413e+00           3.413e+00             196.402          -6.024e+01             145.578           4.000e+01     
  43.000           0.000            2.619e+00           2.619e+00             191.731          -6.138e+01             143.812           4.000e+01     
  44.000           0.000            1.748e+00           1.748e+00             187.434          -6.263e+01             144.078           4.000e+01     
  45.000           0.000            8.007e-01           8.007e-01             183.663          -6.393e+01             147.010           4.000e+01     
  46.000           0.000           -2.167e-01          -2.167e-01             180.615          -6.511e+01             153.069           4.000e+01     
  47.000           0.000           -1.288e+00          -1.288e+00             178.526          -6.592e+01             161.831           4.000e+01     
  48.000           0.000           -2.375e+00          -2.375e+00             177.650          -6.618e+01             171.392           4.000e+01     
  49.000           0.000           -3.409e+00          -3.409e+00             178.193          -6.597e+01             179.279           4.000e+01     
  50.000           0.000           -4.291e+00          -4.291e+00             180.161          -6.557e+01             184.120           4.000e+01     
  51.000           0.000           -4.906e+00          -4.906e+00             183.154          -6.525e+01             185.811           4.000e+01     
  52.000           0.000           -5.176e+00          -5.176e+00             186.307          -6.520e+01             184.674           4.000e+01     
  53.000           0.000           -5.109e+00          -5.109e+00             188.580          -6.551e+01             180.832           4.000e+01     
  54.000           0.000           -4.789e+00          -4.789e+00             189.208          -6.626e+01             173.862           4.000e+01     
  55.000           0.000           -4.324e+00          -4.324e+00             187.911          -6.749e+01             162.359           4.000e+01     
  56.000           0.000           -3.801e+00          -3.801e+00             184.770          -6.899e+01             143.339           4.000e+01     
  57.000           0.000           -3.270e+00          -3.270e+00             180.045          -6.980e+01             114.069           4.000e+01     
  58.000           0.000           -2.757e+00          -2.757e+00             174.030          -6.860e+01              81.791           4.000e+01     
  59.000           0.000           -2.271e+00          -2.271e+00             167.004          -6.610e+01              57.962           4.000e+01     
  60.000           0.000           -1.814e+00          -1.814e+00             159.211          -6.362e+01              42.320           4.000e+01     
  61.000           0.000           -1.386e+00          -1.386e+00             150.872          -6.156e+01              31.217           4.000e+01     
  62.000           0.000           -9.900e-01          -9.900e-01             142.161          -5.992e+01              22.430           4.000e+01     
  63.000           0.000           -6.291e-01          -6.291e-01             133.214          -5.867e+01              14.821           4.000e+01     
  64.000           0.000           -3.102e-01          -3.102e-01             124.130          -5.776e+01               7.773           4.000e+01     
  65.000           0.000           -4.141e-02          -4.142e-02             114.966          -5.713e+01               0.905           4.000e+01     
  66.000           0.000            1.693e-01           1.693e-01             105.744          -5.677e+01             353.945           4.000e+01     
  67.000           0.000            3.149e-01           3.149e-01              96.450          -5.665e+01             346.659           4.000e+01     
  68.000           0.000            3.904e-01           3.904e-01              87.047          -5.677e+01             338.804           4.000e+01     
  69.000           0.000            3.935e-01           3.935e-01              77.471          -5.710e+01             330.101           4.000e+01     
  70.000           0.000            3.255e-01           3.255e-01              67.646          -5.763e+01             320.201           4.000e+01     
  71.000           0.000            1.923e-01           1.923e-01              57.485          -5.830e+01             308.668           4.000e+01     
  72.000           0.000            4.928e-03           4.922e-03              46.902          -5.905e+01             295.029           4.000e+01     
  73.000           0.000           -2.197e-01          -2.197e-01              35.826          -5.973e+01             278.972           4.000e+01     
  74.000           0.000           -4.591e-01          -4.592e-01              24.218          -6.015e+01             260.773           4.000e+01     
  75.000           0.000           -6.875e-01          -6.875e-01              12.099          -6.014e+01             241.649           4.000e+01     
  76.000           0.000           -8.794e-01          -8.794e-01             359.559          -5.971e+01             223.318           4.000e+01     
  77.000           0.000           -1.016e+00          -1.016e+00             346.758          -5.901e+01             206.960           4.000e+01     
  78.000           0.000           -1.091e+00          -1.091e+00             333.903          -5.824e+01             192.820           4.000e+01     
  79.000           0.000           -1.112e+00          -1.112e+00             321.195          -5.753e+01             180.570           4.000e+01     
  80.000           0.000           -1.100e+00          -1.100e+00             308.787          -5.694e+01             169.734           4.000e+01     
  81.000           0.000           -1.083e+00          -1.083e+00             296.750          -5.652e+01             159.877           4.000e+01     
  82.000           0.000           -1.087e+00          -1.087e+00             285.070          -5.628e+01             150.644           4.000e+01     
  83.000           0.000           -1.137e+00          -1.137e+00             273.671          -5.623e+01             141.745           4.000e+01     
  84.000           0.000           -1.249e+00          -1.249e+00             262.419          -5.636e+01             132.924           4.000e+01     
  85.000           0.000           -1.432e+00          -1.432e+00             251.157          -5.669e+01             123.924           4.000e+01     
  86.000           0.000           -1.684e+00          -1.684e+00             239.708          -5.722e+01             114.460           4.000e+01     
  87.000           0.000           -1.996e+00          -1.996e+00             227.905          -5.794e+01             104.173           4.000e+01     
  88.000           0.000           -2.345e+00          -2.345e+00             215.603          -5.885e+01              92.585           4.000e+01     
  89.000           0.000           -2.702e+00          -2.702e+00             202.719          -5.991e+01              79.069           4.000e+01     
  90.000           0.000           -3.029e+00          -3.029e+00             189.260          -6.102e+01              62.905           4.000e+01     
  91.000           0.000           -3.293e+00          -3.293e+00             175.364          -6.196e+01              43.662           4.000e+01     
  92.000           0.000           -3.472e+00          -3.472e+00             161.271          -6.245e+01              21.998           4.000e+01     
  93.000           0.000           -3.565e+00          -3.565e+00             147.274          -6.235e+01               0.041           4.000e+01     
  94.000           0.000           -3.595e+00          -3.595e+00             133.623          -6.178e+01             340.016           4.000e+01     
  95.000           0.000           -3.600e+00          -3.600e+00             120.459          -6.101e+01             322.717           4.000e+01     
  96.000           0.000           -3.621e+00          -3.621e+00             107.789          -6.028e+01             307.727           4.000e+01     
  97.000           0.000           -3.694e+00          -3.694e+00              95.503          -5.969e+01             294.254           4.000e+01     
  98.000           0.000           -3.844e+00          -3.844e+00              83.411          -5.927e+01             281.551           4.000e+01     
  99.000           0.000           -4.084e+00          -4.084e+00              71.267          -5.902e+01             269.004           4.000e+01     
 100.000           0.000           -4.412e+00          -4.412e+00              58.807          -5.890e+01             256.133           4.000e+01     
 101.000           0.000           -4.809e+00          -4.809e+00              45.764          -5.887e+01             242.583           4.000e+01     
 102.000           0.000           -5.235e+00          -5.235e+00              31.920          -5.884e+01             228.177           4.000e+01     
 103.000           0.000           -5.634e+00          -5.634e+00              17.182          -5.874e+01             212.997           4.000e+01     
 104.000           0.000           -5.938e+00          -5.938e+00               1.670          -5.851e+01             197.419           4.000e+01     
 105.000           0.000           -6.095e+00          -6.095e+00             345.762          -5.811e+01             182.013           4.000e+01     
 106.000           0.000           -6.093e+00          -6.093e+00             330.006          -5.758e+01             167.321           4.000e+01     
 107.000           0.000           -5.963e+00          -5.963e+00             314.911          -5.699e+01             153.663           4.000e+01     
 108.000           0.000           -5.778e+00          -5.778e+00             300.786          -5.639e+01             141.106           4.000e+01     
 109.000           0.000           -5.609e+00          -5.610e+00             287.675          -5.584e+01             129.533           4.000e+01     
 110.000           0.000           -5.522e+00          -5.522e+00             275.431          -5.539e+01             118.744           4.000e+01     
 111.000           0.000           -5.564e+00          -5.564e+00             263.798          -5.505e+01             108.524           4.000e+01     
 112.000           0.000           -5.768e+00          -5.768e+00             252.461          -5.482e+01              98.673           4.000e+01     
 113.000           0.000           -6.156e+00          -6.157e+00             241.058          -5.472e+01              89.019           4.000e+01     
 114.000           0.000           -6.742e+00          -6.742e+00             229.162          -5.473e+01              79.422           4.000e+01     
 115.000           0.000           -7.521e+00          -7.521e+00             216.242          -5.485e+01              69.774           4.000e+01     
 116.000           0.000           -8.460e+00          -8.461e+00             201.618          -5.506e+01              59.999           4.000e+01     
 117.000           0.000           -9.465e+00          -9.465e+00             184.524          -5.537e+01              50.055           4.000e+01     
 118.000           0.000           -1.033e+01          -1.033e+01             164.422          -5.575e+01              39.928           4.000e+01     
 119.000           0.000           -1.077e+01          -1.077e+01             141.840          -5.621e+01              29.631           4.000e+01     
 120.000           0.000           -1.058e+01          -1.058e+01             118.874          -5.675e+01              19.194           4.000e+01     
 121.000           0.000           -9.898e+00          -9.898e+00              97.908          -5.737e+01               8.644           4.000e+01     
 122.000           0.000           -8.994e+00          -8.994e+00              79.899          -5.809e+01             357.991           4.000e+01     
 123.000           0.000           -8.101e+00          -8.101e+00              64.515          -5.893e+01             347.199           4.000e+01     
 124.000           0.000           -7.339e+00          -7.339e+00              51.011          -5.993e+01             336.156           4.000e+01     
 125.000           0.000           -6.749e+00          -6.749e+00              38.700          -6.112e+01             324.636           4.000e+01     
 126.000           0.000           -6.339e+00          -6.339e+00              27.050          -6.254e+01             312.228           4.000e+01     
 127.000           0.000           -6.097e+00          -6.097e+00              15.662          -6.424e+01             298.206           4.000e+01     
 128.000           0.000           -6.002e+00          -6.002e+00               4.231          -6.620e+01             281.304           4.000e+01     
 129.000           0.000           -6.028e+00          -6.028e+00             352.524          -6.828e+01             259.549           4.000e+01     
 130.000           0.000           -6.144e+00          -6.144e+00             340.370          -6.993e+01             231.330           4.000e+01     
 131.000           0.000           -6.312e+00          -6.312e+00             327.670          -7.034e+01             199.603           4.000e+01     
 132.000           0.000           -6.493e+00          -6.493e+00             314.418          -6.955e+01             171.595           4.000e+01     
 133.000           0.000           -6.650e+00          -6.650e+00             300.714          -6.838e+01             149.920           4.000e+01     
 134.000           0.000           -6.757e+00          -6.757e+00             286.756          -6.737e+01             132.817           4.000e+01     
 135.000           0.000           -6.807e+00          -6.807e+00             272.793          -6.665e+01             118.257           4.000e+01     
 136.000           0.000           -6.813e+00          -6.813e+00             259.047          -6.624e+01             104.880           4.000e+01     
 137.000           0.000           -6.801e+00          -6.801e+00             245.675          -6.607e+01              91.855           4.000e+01     
 138.000           0.000           -6.805e+00          -6.805e+00             232.710          -6.609e+01              78.651           4.000e+01     
 139.000           0.000           -6.856e+00          -6.856e+00             220.085          -6.623e+01              64.983           4.000e+01     
 140.000           0.000           -6.979e+00          -6.979e+00             207.642          -6.641e+01              50.816           4.000e+01     
 141.000           0.000           -7.188e+00          -7.188e+00             195.162          -6.657e+01              36.372           4.000e+01     
 142.000           0.000           -7.483e+00          -7.483e+00             182.372          -6.668e+01              22.066           4.000e+01     
 143.000           0.000           -7.847e+00          -7.847e+00             168.973          -6.677e+01               8.349           4.000e+01     
 144.000           0.000           -8.240e+00          -8.240e+00             154.679          -6.690e+01             355.539           4.000e+01     
 145.000           0.000           -8.593e+00          -8.593e+00             139.302          -6.714e+01             343.737           4.000e+01     
 146.000           0.000           -8.812e+00          -8.812e+00             122.900          -6.759e+01             332.840           4.000e+01     
 147.000           0.000           -8.809e+00          -8.809e+00             105.911          -6.834e+01             322.600           4.000e+01     
 148.000           0.000           -8.542e+00          -8.542e+00              89.103          -6.951e+01             312.594           4.000e+01     
 149.000           0.000           -8.041e+00          -8.041e+00              73.278          -7.131e+01             302.069           4.000e+01     
 150.000           0.000           -7.394e+00          -7.394e+00              58.949          -7.408e+01             289.246           4.000e+01     
 151.000           0.000           -6.695e+00          -6.695e+00              46.255          -7.860e+01             267.454           4.000e+01     
 152.000           0.000           -6.020e+00          -6.020e+00              35.077          -8.347e+01             204.188           4.000e+01     
 153.000           0.000           -5.420e+00          -5.420e+00              25.190          -7.805e+01             141.707           4.000e+01     
 154.000           0.000           -4.924e+00          -4.924e+00              16.357          -7.305e+01             120.631           4.000e+01     
 155.000           0.000           -4.549e+00          -4.549e+00               8.368          -6.977e+01             108.795           4.000e+01     
 156.000           0.000           -4.305e+00          -4.305e+00               1.050          -6.743e+01              99.693           4.000e+01     
 157.000           0.000           -4.199e+00          -4.199e+00             354.258          -6.568e+01              91.653           4.000e+01     
 158.000           0.000           -4.237e+00          -4.237e+00             347.874          -6.432e+01              84.053           4.000e+01     
 159.000           0.000           -4.427e+00          -4.427e+00             341.789          -6.324e+01              76.605           4.000e+01     
 160.000           0.000           -4.781e+00          -4.781e+00             335.899          -6.236e+01              69.165           4.000e+01     
 161.000           0.000           -5.316e+00          -5.316e+00             330.084          -6.162e+01              61.674           4.000e+01     
 162.000           0.000           -6.055e+00          -6.055e+00             324.195          -6.099e+01              54.131           4.000e+01     
 163.000           0.000           -7.034e+00          -7.034e+00             318.008          -6.043e+01              46.583           4.000e+01     
 164.000           0.000           -8.304e+00          -8.304e+00             311.153          -5.991e+01              39.112           4.000e+01     
 165.000           0.000           -9.939e+00          -9.939e+00             302.940          -5.942e+01              31.822           4.000e+01     
 166.000           0.000           -1.203e+01          -1.203e+01             291.929          -5.895e+01              24.825           4.000e+01     
 167.000           0.000           -1.457e+01          -1.458e+01             274.900          -5.850e+01              18.219           4.000e+01     
 168.000           0.000           -1.691e+01          -1.691e+01             246.063          -5.807e+01              12.083           4.000e+01     
 169.000           0.000           -1.685e+01          -1.685e+01             208.075          -5.767e+01               6.469           4.000e+01     
 170.000           0.000           -1.443e+01          -1.443e+01             179.971          -5.731e+01               1.399           4.000e+01     
 171.000           0.000           -1.183e+01          -1.183e+01             164.058          -5.700e+01             356.877           4.000e+01     
 172.000           0.000           -9.681e+00          -9.682e+00             154.563          -5.674e+01             352.889           4.000e+01     
 173.000           0.000           -7.990e+00          -7.990e+00             148.324          -5.655e+01             349.408           4.000e+01     
 174.000           0.000           -6.660e+00          -6.660e+00             143.936          -5.642e+01             346.406           4.000e+01     
 175.000           0.000           -5.620e+00          -5.620e+00             140.734          -5.636e+01             343.849           4.000e+01     
 176.000           0.000           -4.818e+00          -4.818e+00             138.373          -5.636e+01             341.700           4.000e+01     
 177.000           0.000           -4.221e+00          -4.222e+00             136.665          -5.644e+01             339.925           4.000e+01     
 178.000           0.000           -3.806e+00          -3.806e+00             135.500          -5.659e+01             338.486           4.000e+01     
 179.000           0.000           -3.558e+00          -3.558e+00             134.817          -5.682e+01             337.345           4.000e+01     
 180.000           0.000           -3.468e+00          -3.468e+00             134.582          -5.711e+01             336.460           4.000e+01     
 179.000         180.000           -3.534e+00          -3.534e+00             314.785          -5.748e+01             155.785           4.000e+01     
 178.000         180.000           -3.757e+00          -3.757e+00             315.433          -5.792e+01             155.267           4.000e+01     
 177.000         180.000           -4.146e+00          -4.146e+00             316.558          -5.843e+01             154.846           4.000e+01     
 176.000         180.000           -4.712e+00          -4.712e+00             318.218          -5.901e+01             154.447           4.000e+01     
 175.000         180.000           -5.478e+00          -5.478e+00             320.515          -5.967e+01             153.983           4.000e+01     
 174.000         180.000           -6.474e+00          -6.474e+00             323.623          -6.039e+01             153.347           4.000e+01     
 173.000         180.000           -7.748e+00          -7.748e+00             327.856          -6.119e+01             152.411           4.000e+01     
 172.000         180.000           -9.365e+00          -9.365e+00             333.810          -6.204e+01             151.022           4.000e+01     
 171.000         180.000           -1.141e+01          -1.141e+01             342.711          -6.294e+01             149.008           4.000e+01     
 170.000         180.000           -1.391e+01          -1.391e+01             357.268          -6.386e+01             146.195           4.000e+01     
 169.000         180.000           -1.640e+01          -1.640e+01              22.699          -6.476e+01             142.444           4.000e+01     
 168.000         180.000           -1.699e+01          -1.699e+01              59.456          -6.557e+01             137.734           4.000e+01     
 167.000         180.000           -1.499e+01          -1.499e+01              90.327          -6.624e+01             132.255           4.000e+01     
 166.000         180.000           -1.246e+01          -1.246e+01             109.035          -6.669e+01             126.469           4.000e+01     
 165.000         180.000           -1.032e+01          -1.032e+01             120.946          -6.693e+01             121.031           4.000e+01     
 164.000         180.000           -8.642e+00          -8.642e+00             129.659          -6.698e+01             116.583           4.000e+01     
 163.000         180.000           -7.334e+00          -7.334e+00             136.823          -6.691e+01             113.561           4.000e+01     
 162.000         180.000           -6.325e+00          -6.325e+00             143.223          -6.680e+01             112.165           4.000e+01     
 161.000         180.000           -5.563e+00          -5.563e+00             149.276          -6.670e+01             112.410           4.000e+01     
 160.000         180.000           -5.010e+00          -5.010e+00             155.231          -6.667e+01             114.243           4.000e+01     
 159.000         180.000           -4.640e+00          -4.640e+00             161.253          -6.672e+01             117.604           4.000e+01     
 158.000         180.000           -4.436e+00          -4.436e+00             167.471          -6.687e+01             122.466           4.000e+01     
 157.000         180.000           -4.384e+00          -4.384e+00             173.998          -6.712e+01             128.850           4.000e+01     
 156.000         180.000           -4.476e+00          -4.476e+00             180.946          -6.745e+01             136.825           4.000e+01     
 155.000         180.000           -4.702e+00          -4.702e+00             188.438          -6.783e+01             146.499           4.000e+01     
 154.000         180.000           -5.053e+00          -5.053e+00             196.619          -6.822e+01             157.990           4.000e+01     
 153.000         180.000           -5.517e+00          -5.517e+00             205.655          -6.855e+01             171.375           4.000e+01     
 152.000         180.000           -6.073e+00          -6.073e+00             215.739          -6.873e+01             186.565           4.000e+01     
 151.000         180.000           -6.687e+00          -6.687e+00             227.072          -6.867e+01             203.173           4.000e+01     
 150.000         180.000           -7.308e+00          -7.308e+00             239.814          -6.828e+01             220.443           4.000e+01     
 149.000         180.000           -7.865e+00          -7.865e+00             253.998          -6.755e+01             237.410           4.000e+01     
 148.000         180.000           -8.279e+00          -8.279e+00             269.414          -6.656e+01             253.243           4.000e+01     
 147.000         180.000           -8.487e+00          -8.488e+00             285.560          -6.539e+01             267.448           4.000e+01     
 146.000         180.000           -8.479e+00          -8.479e+00             301.764          -6.415e+01             279.921           4.000e+01     
 145.000         180.000           -8.297e+00          -8.297e+00             317.436          -6.293e+01             290.774           4.000e+01     
 144.000         180.000           -8.016e+00          -8.016e+00             332.264          -6.176e+01             300.205           4.000e+01     
 143.000         180.000           -7.713e+00          -7.713e+00             346.231          -6.068e+01             308.427           4.000e+01     
 142.000         180.000           -7.444e+00          -7.444e+00             359.512          -5.972e+01             315.630           4.000e+01     
 141.000         180.000           -7.241e+00          -7.241e+00              12.369          -5.887e+01             321.976           4.000e+01     
 140.000         180.000           -7.116e+00          -7.116e+00              25.078          -5.816e+01             327.592           4.000e+01     
 139.000         180.000           -7.064e+00          -7.064e+00              37.895          -5.757e+01             332.583           4.000e+01     
 138.000         180.000           -7.065e+00          -7.065e+00              51.026          -5.710e+01             337.029           4.000e+01     
 137.000         180.000           -7.089e+00          -7.089e+00              64.598          -5.676e+01             340.991           4.000e+01     
 136.000         180.000           -7.097e+00          -7.097e+00              78.627          -5.654e+01             344.515           4.000e+01     
 135.000         180.000           -7.052e+00          -7.053e+00              92.996          -5.643e+01             347.635           4.000e+01     
 134.000         180.000           -6.932e+00          -6.932e+00             107.452          -5.642e+01             350.376           4.000e+01     
 133.000         180.000           -6.734e+00          -6.735e+00             121.697          -5.650e+01             352.754           4.000e+01     
 132.000         180.000           -6.482e+00          -6.482e+00             135.454          -5.666e+01             354.787           4.000e+01     
 131.000         180.000           -6.215e+00          -6.215e+00             148.550          -5.688e+01             356.495           4.000e+01     
 130.000         180.000           -5.978e+00          -5.978e+00             160.942          -5.714e+01             357.912           4.000e+01     
 129.000         180.000           -5.815e+00          -5.815e+00             172.694          -5.742e+01             359.093           4.000e+01     
 128.000         180.000           -5.762e+00          -5.762e+00             183.956          -5.768e+01               0.117           4.000e+01     
 127.000         180.000           -5.850e+00          -5.850e+00             194.931          -5.791e+01               1.096           4.000e+01     
 126.000         180.000           -6.103e+00          -6.104e+00             205.872          -5.808e+01               2.163           4.000e+01     
 125.000         180.000           -6.542e+00          -6.542e+00             217.099          -5.818e+01               3.460           4.000e+01     
 124.000         180.000           -7.179e+00          -7.179e+00             229.024          -5.821e+01               5.116           4.000e+01     
 123.000         180.000           -8.010e+00          -8.010e+00             242.214          -5.816e+01               7.226           4.000e+01     
 122.000         180.000           -8.998e+00          -8.998e+00             257.430          -5.807e+01               9.843           4.000e+01     
 121.000         180.000           -1.002e+01          -1.002e+01             275.559          -5.793e+01              12.978           4.000e+01     
 120.000         180.000           -1.081e+01          -1.081e+01             297.091          -5.778e+01              16.613           4.000e+01     
 119.000         180.000           -1.103e+01          -1.103e+01             320.982          -5.763e+01              20.714           4.000e+01     
 118.000         180.000           -1.054e+01          -1.054e+01             344.380          -5.750e+01              25.253           4.000e+01     
 117.000         180.000           -9.587e+00          -9.587e+00               4.855          -5.741e+01              30.211           4.000e+01     
 116.000         180.000           -8.504e+00          -8.504e+00              21.961          -5.738e+01              35.595           4.000e+01     
 115.000         180.000           -7.512e+00          -7.512e+00              36.427          -5.742e+01              41.440           4.000e+01     
 114.000         180.000           -6.705e+00          -6.705e+00              49.140          -5.753e+01              47.805           4.000e+01     
 113.000         180.000           -6.109e+00          -6.109e+00              60.834          -5.772e+01              54.783           4.000e+01     
 112.000         180.000           -5.721e+00          -5.721e+00              72.062          -5.799e+01              62.496           4.000e+01     
 111.000         180.000           -5.527e+00          -5.527e+00              83.260          -5.832e+01              71.083           4.000e+01     
 110.000         180.000           -5.502e+00          -5.502e+00              94.797          -5.867e+01              80.683           4.000e+01     
 109.000         180.000           -5.611e+00          -5.611e+00             106.993          -5.902e+01              91.391           4.000e+01     
 108.000         180.000           -5.803e+00          -5.803e+00             120.116          -5.931e+01             103.195           4.000e+01     
 107.000         180.000           -6.011e+00          -6.011e+00             134.317          -5.947e+01             115.904           4.000e+01     
 106.000         180.000           -6.158e+00          -6.158e+00             149.549          -5.946e+01             129.132           4.000e+01     
 105.000         180.000           -6.168e+00          -6.168e+00             165.478          -5.927e+01             142.361           4.000e+01     
 104.000         180.000           -6.007e+00          -6.007e+00             181.556          -5.891e+01             155.117           4.000e+01     
 103.000         180.000           -5.690e+00          -5.690e+00             197.197          -5.845e+01             167.090           4.000e+01     
 102.000         180.000           -5.275e+00          -5.275e+00             212.008          -5.793e+01             178.170           4.000e+01     
 101.000         180.000           -4.834e+00          -4.834e+00             225.873          -5.741e+01             188.397           4.000e+01     
 100.000         180.000           -4.425e+00          -4.425e+00             238.902          -5.691e+01             197.886           4.000e+01     
  99.000         180.000           -4.089e+00          -4.089e+00             251.326          -5.647e+01             206.777           4.000e+01     
  98.000         180.000           -3.845e+00          -3.846e+00             263.426          -5.607e+01             215.203           4.000e+01     
  97.000         180.000           -3.695e+00          -3.695e+00             275.471          -5.574e+01             223.273           4.000e+01     
  96.000         180.000           -3.626e+00          -3.626e+00             287.714          -5.547e+01             231.079           4.000e+01     
  95.000         180.000           -3.612e+00          -3.612e+00             300.353          -5.527e+01             238.691           4.000e+01     
  94.000         180.000           -3.616e+00          -3.616e+00             313.500          -5.512e+01             246.164           4.000e+01     
  93.000         180.000           -3.597e+00          -3.597e+00             327.155          -5.503e+01             253.540           4.000e+01     
  92.000         180.000           -3.516e+00          -3.516e+00             341.182          -5.499e+01             260.856           4.000e+01     
  91.000         180.000           -3.347e+00          -3.347e+00             355.327          -5.501e+01             268.142           4.000e+01     
  90.000         180.000           -3.091e+00          -3.091e+00               9.294          -5.507e+01             275.426           4.000e+01     
  89.000         180.000           -2.769e+00          -2.769e+00              22.834          -5.519e+01             282.740           4.000e+01     
  88.000         180.000           -2.415e+00          -2.415e+00              35.803          -5.534e+01             290.105           4.000e+01     
  87.000         180.000           -2.065e+00          -2.065e+00              48.186          -5.554e+01             297.549           4.000e+01     
  86.000         180.000           -1.751e+00          -1.751e+00              60.067          -5.577e+01             305.093           4.000e+01     
  85.000         180.000           -1.494e+00          -1.494e+00              71.586          -5.602e+01             312.754           4.000e+01     
  84.000         180.000           -1.305e+00          -1.305e+00              82.912          -5.630e+01             320.538           4.000e+01     
  83.000         180.000           -1.184e+00          -1.184e+00              94.216          -5.660e+01             328.444           4.000e+01     
  82.000         180.000           -1.124e+00          -1.124e+00             105.656          -5.690e+01             336.460           4.000e+01     
  81.000         180.000           -1.108e+00          -1.108e+00             117.357          -5.720e+01             344.570           4.000e+01     
  80.000         180.000           -1.112e+00          -1.112e+00             129.392          -5.750e+01             352.752           4.000e+01     
  79.000         180.000           -1.112e+00          -1.112e+00             141.770          -5.781e+01               0.996           4.000e+01     
  78.000         180.000           -1.080e+00          -1.080e+00             154.419          -5.811e+01               9.300           4.000e+01     
  77.000         180.000           -9.987e-01          -9.988e-01             167.193          -5.842e+01              17.689           4.000e+01     
  76.000         180.000           -8.607e-01          -8.607e-01             179.900          -5.874e+01              26.210           4.000e+01     
  75.000         180.000           -6.727e-01          -6.727e-01             192.351          -5.906e+01              34.941           4.000e+01     
  74.000         180.000           -4.529e-01          -4.529e-01             204.397          -5.939e+01              43.982           4.000e+01     
  73.000         180.000           -2.252e-01          -2.252e-01             215.960          -5.971e+01              53.450           4.000e+01     
  72.000         180.000           -1.390e-02          -1.390e-02             227.019          -6.002e+01              63.445           4.000e+01     
  71.000         180.000            1.601e-01           1.601e-01             237.618          -6.028e+01              74.037           4.000e+01     
  70.000         180.000            2.811e-01           2.811e-01             247.823          -6.046e+01              85.216           4.000e+01     
  69.000         180.000            3.392e-01           3.392e-01             257.717          -6.054e+01              96.860           4.000e+01     
  68.000         180.000            3.293e-01           3.293e-01             267.384          -6.049e+01             108.739           4.000e+01     
  67.000         180.000            2.509e-01           2.509e-01             276.895          -6.031e+01             120.560           4.000e+01     
  66.000         180.000            1.069e-01           1.069e-01             286.308          -6.001e+01             132.047           4.000e+01     
  65.000         180.000           -9.726e-02          -9.726e-02             295.654          -5.965e+01             143.013           4.000e+01     
  64.000         180.000           -3.543e-01          -3.543e-01             304.938          -5.925e+01             153.389           4.000e+01     
  63.000         180.000           -6.565e-01          -6.565e-01             314.130          -5.887e+01             163.201           4.000e+01     
  62.000         180.000           -9.965e-01          -9.966e-01             323.164          -5.851e+01             172.552           4.000e+01     
  61.000         180.000           -1.369e+00          -1.369e+00             331.936          -5.822e+01             181.571           4.000e+01     
  60.000         180.000           -1.772e+00          -1.772e+00             340.305          -5.799e+01             190.397           4.000e+01     
  59.000         180.000           -2.204e+00          -2.204e+00             348.103          -5.784e+01             199.159           4.000e+01     
  58.000         180.000           -2.670e+00          -2.670e+00             355.116          -5.776e+01             207.967           4.000e+01     
  57.000         180.000           -3.167e+00          -3.167e+00               1.112          -5.774e+01             216.903           4.000e+01     
  56.000         180.000           -3.689e+00          -3.689e+00               5.828          -5.778e+01             226.018           4.000e+01     
  55.000         180.000           -4.214e+00          -4.214e+00               8.981          -5.787e+01             235.321           4.000e+01     
  54.000         180.000           -4.692e+00          -4.692e+00              10.316          -5.799e+01             244.771           4.000e+01     
  53.000         180.000           -5.039e+00          -5.039e+00               9.733          -5.814e+01             254.299           4.000e+01     
  52.000         180.000           -5.148e+00          -5.148e+00               7.477          -5.832e+01             263.801           4.000e+01     
  51.000         180.000           -4.929e+00          -4.929e+00               4.270          -5.855e+01             273.162           4.000e+01     
  50.000         180.000           -4.363e+00          -4.363e+00               1.148          -5.883e+01             282.272           4.000e+01     
  49.000         180.000           -3.520e+00          -3.520e+00             359.013          -5.920e+01             291.043           4.000e+01     
  48.000         180.000           -2.512e+00          -2.512e+00             358.310          -5.970e+01             299.411           4.000e+01     
  47.000         180.000           -1.444e+00          -1.444e+00             359.064          -6.037e+01             307.336           4.000e+01     
  46.000         180.000           -3.831e-01          -3.831e-01               1.078          -6.128e+01             314.783           4.000e+01     
  45.000         180.000            6.281e-01           6.281e-01               4.092          -6.251e+01             321.692           4.000e+01     
  44.000         180.000            1.573e+00           1.573e+00               7.864          -6.421e+01             327.920           4.000e+01     
  43.000         180.000            2.445e+00           2.445e+00              12.189          -6.667e+01             333.030           4.000e+01     
  42.000         180.000            3.243e+00           3.243e+00              16.907          -7.056e+01             335.389           4.000e+01     
  41.000         180.000            3.969e+00           3.969e+00              21.886          -7.818e+01             323.228           4.000e+01     
  40.000         180.000            4.627e+00           4.627e+00              27.020          -7.909e+01             217.092           4.000e+01     
  39.000         180.000            5.220e+00           5.220e+00              32.221          -7.045e+01             200.728           4.000e+01     
  38.000         180.000            5.752e+00           5.752e+00              37.412          -6.595e+01             202.458           4.000e+01     
  37.000         180.000            6.226e+00           6.226e+00              42.528          -6.297e+01             207.166           4.000e+01     
  36.000         180.000            6.644e+00           6.644e+00              47.511          -6.078e+01             212.937           4.000e+01     
  35.000         180.000            7.007e+00           7.007e+00              52.304          -5.906e+01             219.262           4.000e+01     
  34.000         180.000            7.317e+00           7.317e+00              56.856          -5.768e+01             225.950           4.000e+01     
  33.000         180.000            7.576e+00           7.576e+00              61.119          -5.653e+01             232.912           4.000e+01     
  32.000         180.000            7.784e+00           7.784e+00              65.043          -5.555e+01             240.098           4.000e+01     
  31.000         180.000            7.945e+00           7.945e+00              68.575          -5.472e+01             247.473           4.000e+01     
  30.000         180.000            8.060e+00           8.060e+00              71.665          -5.398e+01             255.000           4.000e+01     
  29.000         180.000            8.134e+00           8.134e+00              74.255          -5.333e+01             262.646           4.000e+01     
  28.000         180.000            8.173e+00           8.173e+00              76.290          -5.275e+01             270.373           4.000e+01     
  27.000         180.000            8.186e+00           8.186e+00              77.714          -5.220e+01             278.141           4.000e+01     
  26.000         180.000            8.185e+00           8.185e+00              78.476          -5.170e+01             285.904           4.000e+01     
  25.000         180.000            8.185e+00           8.185e+00              78.540          -5.123e+01             293.619           4.000e+01     
  24.000         180.000            8.206e+00           8.206e+00              77.898          -5.077e+01             301.237           4.000e+01     
  23.000         180.000            8.269e+00           8.269e+00              76.578          -5.034e+01             308.713           4.000e+01     
  22.000         180.000            8.396e+00           8.396e+00              74.663          -4.992e+01             316.003           4.000e+01     
  21.000         180.000            8.606e+00           8.606e+00              72.289          -4.951e+01             323.064           4.000e+01     
  20.000         180.000            8.909e+00           8.909e+00              69.638          -4.912e+01             329.859           4.000e+01     
  19.000         180.000            9.306e+00           9.306e+00              66.907          -4.875e+01             336.357           4.000e+01     
  18.000         180.000            9.787e+00           9.787e+00              64.280          -4.840e+01             342.530           4.000e+01     
  17.000         180.000            1.033e+01           1.033e+01              61.898          -4.807e+01             348.358           4.000e+01     
  16.000         180.000            1.093e+01           1.093e+01              59.850          -4.777e+01             353.828           4.000e+01     
  15.000         180.000            1.154e+01           1.154e+01              58.169          -4.750e+01             358.930           4.000e+01     
  14.000         180.000            1.216e+01           1.216e+01              56.851          -4.726e+01               3.664           4.000e+01     
  13.000         180.000            1.276e+01           1.276e+01              55.865          -4.706e+01               8.030           4.000e+01     
  12.000         180.000            1.335e+01           1.335e+01              55.167          -4.690e+01              12.035           4.000e+01     
  11.000         180.000            1.390e+01           1.390e+01              54.708          -4.679e+01              15.689           4.000e+01     
  10.000         180.000            1.441e+01           1.441e+01              54.439          -4.671e+01              19.005           4.000e+01     
   9.000         180.000            1.487e+01           1.487e+01              54.315          -4.669e+01              21.995           4.000e+01     
   8.000         180.000            1.529e+01           1.529e+01              54.298          -4.672e+01              24.678           4.000e+01     
   7.000         180.000            1.567e+01           1.567e+01              54.352          -4.679e+01              27.071           4.000e+01     
   6.000         180.000            1.599e+01           1.599e+01              54.449          -4.692e+01              29.194           4.000e+01     
   5.000         180.000            1.627e+01           1.627e+01              54.566          -4.710e+01              31.069           4.000e+01     
   4.000         180.000            1.649e+01           1.649e+01              54.684          -4.732e+01              32.721           4.000e+01     
   3.000         180.000            1.667e+01           1.667e+01              54.787          -4.760e+01              34.177           4.000e+01     
   2.000         180.000            1.679e+01           1.679e+01              54.865          -4.792e+01              35.470           4.000e+01     
   1.000         180.000            1.687e+01           1.687e+01              54.909          -4.830e+01              36.637           4.000e+01     
