Theta [deg.]  Phi   [deg.]  Abs(Dir.)[dBi   ]   Abs(Theta)[dBi   ]  Phase(Theta)[deg.]  Abs(Phi  )[dBi   ]  Phase(Phi  )[deg.]  Ax.Ratio[dB    ]    
------------------------------------------------------------------------------------------------------------------------------------------------------
   0.000          90.000            1.690e+01          -4.871e+01             217.719           1.690e+01              54.914           4.000e+01     
   1.000          90.000            1.688e+01          -4.904e+01             225.640           1.688e+01              54.866           4.000e+01     
   2.000          90.000            1.682e+01          -4.917e+01             233.954           1.682e+01              54.714           4.000e+01     
   3.000          90.000            1.673e+01          -4.909e+01             242.007           1.673e+01              54.461           4.000e+01     
   4.000          90.000            1.659e+01          -4.886e+01             249.197           1.659e+01              54.108           4.000e+01     
   5.000          90.000            1.642e+01          -4.852e+01             255.144           1.642e+01              53.660           4.000e+01     
   6.000          90.000            1.621e+01          -4.816e+01             259.711           1.621e+01              53.119           4.000e+01     
   7.000          90.000            1.596e+01          -4.783e+01             262.924           1.596e+01              52.492           4.000e+01     
   8.000          90.000            1.567e+01          -4.759e+01             264.880           1.567e+01              51.783           4.000e+01     
   9.000          90.000            1.535e+01          -4.745e+01             265.682           1.535e+01              51.002           4.000e+01     
  10.000          90.000            1.499e+01          -4.743e+01             265.399           1.499e+01              50.155           4.000e+01     
  11.000          90.000            1.459e+01          -4.755e+01             264.050           1.459e+01              49.252           4.000e+01     
  12.000          90.000            1.416e+01          -4.781e+01             261.593           1.416e+01              48.305           4.000e+01     
  13.000          90.000            1.369e+01          -4.820e+01             257.920           1.369e+01              47.324           4.000e+01     
  14.000          90.000            1.319e+01          -4.872e+01             252.841           1.319e+01              46.322           4.000e+01     
  15.000          90.000            1.265e+01          -4.933e+01             246.099           1.265e+01              45.314           4.000e+01     
  16.000          90.000            1.209e+01          -4.997e+01             237.419           1.209e+01              44.313           4.000e+01     
  17.000          90.000            1.149e+01          -5.054e+01             226.654           1.149e+01              43.334           4.000e+01     
  18.000          90.000            1.087e+01          -5.090e+01             214.070           1.087e+01              42.392           4.000e+01     
  19.000          90.000            1.023e+01          -5.092e+01             200.560           1.023e+01              41.498           4.000e+01     
  20.000          90.000            9.569e+00          -5.058e+01             187.424           9.569e+00              40.664           4.000e+01     
  21.000          90.000            8.897e+00          -4.999e+01             175.741           8.897e+00              39.896           4.000e+01     
  22.000          90.000            8.217e+00          -4.929e+01             165.969           8.217e+00              39.197           4.000e+01     
  23.000          90.000            7.537e+00          -4.859e+01             158.063           7.537e+00              38.561           4.000e+01     
  24.000          90.000            6.862e+00          -4.799e+01             151.775           6.861e+00              37.975           4.000e+01     
  25.000          90.000            6.198e+00          -4.751e+01             146.842           6.198e+00              37.415           4.000e+01     
  26.000          90.000            5.551e+00          -4.718e+01             143.075           5.551e+00              36.849           4.000e+01     
  27.000          90.000            4.927e+00          -4.701e+01             140.364           4.927e+00              36.234           4.000e+01     
  28.000          90.000            4.327e+00          -4.700e+01             138.697           4.327e+00              35.525           4.000e+01     
  29.000          90.000            3.754e+00          -4.715e+01             138.148           3.754e+00              34.669           4.000e+01     
  30.000          90.000            3.207e+00          -4.744e+01             138.886           3.207e+00              33.619           4.000e+01     
  31.000          90.000            2.682e+00          -4.784e+01             141.165           2.682e+00              32.332           4.000e+01     
  32.000          90.000            2.177e+00          -4.829e+01             145.285           2.177e+00              30.773           4.000e+01     
  33.000          90.000            1.685e+00          -4.868e+01             151.471           1.685e+00              28.919           4.000e+01     
  34.000          90.000            1.202e+00          -4.887e+01             159.571           1.202e+00              26.759           4.000e+01     
  35.000          90.000            7.217e-01          -4.872e+01             168.786           7.216e-01              24.298           4.000e+01     
  36.000          90.000            2.374e-01          -4.818e+01             177.798           2.373e-01              21.538           4.000e+01     
  37.000          90.000           -2.558e-01          -4.733e+01             185.411          -2.559e-01              18.503           4.000e+01     
  38.000          90.000           -7.627e-01          -4.632e+01             191.079          -7.628e-01              15.221           4.000e+01     
  39.000          90.000           -1.288e+00          -4.527e+01             194.839          -1.288e+00              11.722           4.000e+01     
  40.000          90.000           -1.835e+00          -4.428e+01             196.997          -1.835e+00               8.043           4.000e+01     
  41.000          90.000           -2.408e+00          -4.337e+01             197.898          -2.408e+00               4.221           4.000e+01     
  42.000          90.000           -3.009e+00          -4.257e+01             197.838          -3.009e+00               0.294           4.000e+01     
  43.000          90.000           -3.641e+00          -4.189e+01             197.049          -3.641e+00             356.301           4.000e+01     
  44.000          90.000           -4.305e+00          -4.131e+01             195.708          -4.306e+00             352.278           4.000e+01     
  45.000          90.000           -5.003e+00          -4.084e+01             193.944          -5.005e+00             348.261           4.000e+01     
  46.000          90.000           -5.734e+00          -4.047e+01             191.862          -5.735e+00             344.283           4.000e+01     
  47.000          90.000           -6.498e+00          -4.020e+01             189.544          -6.500e+00             340.369           3.994e+01     
  48.000          90.000           -7.292e+00          -4.001e+01             187.055          -7.295e+00             336.540           3.861e+01     
  49.000          90.000           -8.112e+00          -3.992e+01             184.450          -8.115e+00             332.808           3.741e+01     
  50.000          90.000           -8.949e+00          -3.991e+01             181.777          -8.953e+00             329.172           3.633e+01     
  51.000          90.000           -9.795e+00          -3.999e+01             179.077          -9.799e+00             325.615           3.537e+01     
  52.000          90.000           -1.064e+01          -4.016e+01             176.386          -1.064e+01             322.097           3.451e+01     
  53.000          90.000           -1.146e+01          -4.042e+01             173.732          -1.147e+01             318.560           3.375e+01     
  54.000          90.000           -1.225e+01          -4.079e+01             171.138          -1.226e+01             314.920           3.311e+01     
  55.000          90.000           -1.299e+01          -4.126e+01             168.619          -1.300e+01             311.077           3.258e+01     
  56.000          90.000           -1.366e+01          -4.187e+01             166.174          -1.367e+01             306.922           3.218e+01     
  57.000          90.000           -1.425e+01          -4.261e+01             163.800          -1.425e+01             302.359           3.195e+01     
  58.000          90.000           -1.474e+01          -4.354e+01             161.464          -1.474e+01             297.321           3.194e+01     
  59.000          90.000           -1.512e+01          -4.467e+01             159.105          -1.513e+01             291.764           3.222e+01     
  60.000          90.000           -1.540e+01          -4.608e+01             156.606          -1.541e+01             285.773           3.289e+01     
  61.000          90.000           -1.559e+01          -4.786e+01             153.733          -1.559e+01             279.397           3.407e+01     
  62.000          90.000           -1.569e+01          -5.016e+01             149.967          -1.569e+01             272.744           3.597e+01     
  63.000          90.000           -1.573e+01          -5.331e+01             143.919          -1.574e+01             265.923           3.900e+01     
  64.000          90.000           -1.574e+01          -5.795e+01             130.484          -1.574e+01             259.020           4.000e+01     
  65.000          90.000           -1.574e+01          -6.383e+01              83.753          -1.574e+01             252.090           4.000e+01     
  66.000          90.000           -1.576e+01          -6.030e+01              19.271          -1.576e+01             245.147           4.000e+01     
  67.000          90.000           -1.582e+01          -5.546e+01               0.473          -1.582e+01             238.172           4.000e+01     
  68.000          90.000           -1.593e+01          -5.242e+01             353.715          -1.594e+01             231.109           3.797e+01     
  69.000          90.000           -1.613e+01          -5.041e+01             350.477          -1.613e+01             223.879           3.619e+01     
  70.000          90.000           -1.640e+01          -4.906e+01             348.730          -1.640e+01             216.374           3.528e+01     
  71.000          90.000           -1.677e+01          -4.817e+01             347.773          -1.677e+01             208.465           3.512e+01     
  72.000          90.000           -1.721e+01          -4.766e+01             347.297          -1.722e+01             200.002           3.580e+01     
  73.000          90.000           -1.773e+01          -4.747e+01             347.143          -1.774e+01             190.819           3.767e+01     
  74.000          90.000           -1.830e+01          -4.759e+01             347.209          -1.830e+01             180.756           4.000e+01     
  75.000          90.000           -1.887e+01          -4.803e+01             347.441          -1.887e+01             169.693           4.000e+01     
  76.000          90.000           -1.939e+01          -4.880e+01             347.783          -1.940e+01             157.624           4.000e+01     
  77.000          90.000           -1.981e+01          -4.998e+01             348.178          -1.981e+01             144.724           3.817e+01     
  78.000          90.000           -2.007e+01          -5.168e+01             348.546          -2.008e+01             131.382           3.598e+01     
  79.000          90.000           -2.017e+01          -5.414e+01             348.718          -2.017e+01             118.125           3.621e+01     
  80.000          90.000           -2.013e+01          -5.798e+01             348.159          -2.014e+01             105.451           3.887e+01     
  81.000          90.000           -2.002e+01          -6.543e+01             343.453          -2.002e+01              93.681           4.000e+01     
  82.000          90.000           -1.989e+01          -7.295e+01             198.867          -1.989e+01              82.925           4.000e+01     
  83.000          90.000           -1.981e+01          -6.077e+01             181.610          -1.981e+01              73.121           4.000e+01     
  84.000          90.000           -1.983e+01          -5.612e+01             180.553          -1.983e+01              64.122           3.725e+01     
  85.000          90.000           -1.997e+01          -5.341e+01             181.130          -1.997e+01              55.742           3.522e+01     
  86.000          90.000           -2.026e+01          -5.168e+01             182.321          -2.027e+01              47.772           3.436e+01     
  87.000          90.000           -2.073e+01          -5.057e+01             183.905          -2.073e+01              40.031           3.443e+01     
  88.000          90.000           -2.139e+01          -4.993e+01             185.853          -2.140e+01              32.284           3.557e+01     
  89.000          90.000           -2.228e+01          -4.969e+01             188.213          -2.229e+01              24.262           3.858e+01     
  90.000          90.000           -2.342e+01          -4.980e+01             191.109          -2.343e+01              15.606           4.000e+01     
  91.000          90.000           -2.484e+01          -5.026e+01             194.777          -2.485e+01               5.760           4.000e+01     
  92.000          90.000           -2.657e+01          -5.109e+01             199.620          -2.658e+01             353.824           3.176e+01     
  93.000          90.000           -2.855e+01          -5.230e+01             206.375          -2.857e+01             338.282           2.631e+01     
  94.000          90.000           -3.054e+01          -5.387e+01             216.402          -3.056e+01             317.022           2.346e+01     
  95.000          90.000           -3.181e+01          -5.563e+01             231.975          -3.182e+01             289.472           2.529e+01     
  96.000          90.000           -3.171e+01          -5.692e+01             255.045          -3.172e+01             260.846           4.000e+01     
  97.000          90.000           -3.068e+01          -5.674e+01             281.575          -3.070e+01             237.696           2.924e+01     
  98.000          90.000           -2.955e+01          -5.528e+01             302.751          -2.956e+01             220.588           2.581e+01     
  99.000          90.000           -2.869e+01          -5.357e+01             316.457          -2.870e+01             207.418           2.536e+01     
 100.000          90.000           -2.820e+01          -5.211e+01             325.036          -2.822e+01             196.346           2.606e+01     
 101.000          90.000           -2.810e+01          -5.104e+01             330.555          -2.813e+01             186.193           2.763e+01     
 102.000          90.000           -2.840e+01          -5.034e+01             334.180          -2.843e+01             176.050           3.054e+01     
 103.000          90.000           -2.909e+01          -5.001e+01             336.528          -2.913e+01             164.999           3.758e+01     
 104.000          90.000           -3.018e+01          -5.003e+01             337.918          -3.022e+01             151.799           3.934e+01     
 105.000          90.000           -3.156e+01          -5.041e+01             338.489          -3.161e+01             134.540           2.673e+01     
 106.000          90.000           -3.283e+01          -5.120e+01             338.237          -3.290e+01             110.886           2.103e+01     
 107.000          90.000           -3.313e+01          -5.247e+01             336.981          -3.318e+01              81.463           1.957e+01     
 108.000          90.000           -3.200e+01          -5.436e+01             334.190          -3.202e+01              53.532           2.249e+01     
 109.000          90.000           -3.017e+01          -5.718e+01             328.321          -3.017e+01              32.431           2.793e+01     
 110.000          90.000           -2.838e+01          -6.151e+01             313.644          -2.838e+01              17.174           3.409e+01     
 111.000          90.000           -2.689e+01          -6.643e+01             265.058          -2.689e+01               5.469           3.969e+01     
 112.000          90.000           -2.573e+01          -6.270e+01             206.465          -2.573e+01             355.757           4.000e+01     
 113.000          90.000           -2.487e+01          -5.808e+01             187.457          -2.487e+01             347.116           4.000e+01     
 114.000          90.000           -2.428e+01          -5.511e+01             179.412          -2.429e+01             338.972           3.997e+01     
 115.000          90.000           -2.393e+01          -5.315e+01             174.524          -2.393e+01             330.929           3.717e+01     
 116.000          90.000           -2.378e+01          -5.184e+01             170.780          -2.378e+01             322.672           3.460e+01     
 117.000          90.000           -2.380e+01          -5.102e+01             167.453          -2.381e+01             313.923           3.238e+01     
 118.000          90.000           -2.394e+01          -5.058e+01             164.189          -2.395e+01             304.436           3.052e+01     
 119.000          90.000           -2.416e+01          -5.048e+01             160.766          -2.418e+01             294.011           2.907e+01     
 120.000          90.000           -2.439e+01          -5.069e+01             157.006          -2.440e+01             282.557           2.809e+01     
 121.000          90.000           -2.453e+01          -5.118e+01             152.718          -2.454e+01             270.198           2.769e+01     
 122.000          90.000           -2.452e+01          -5.196e+01             147.661          -2.452e+01             257.347           2.796e+01     
 123.000          90.000           -2.432e+01          -5.304e+01             141.495          -2.433e+01             244.591           2.894e+01     
 124.000          90.000           -2.396e+01          -5.439e+01             133.701          -2.397e+01             232.573           3.053e+01     
 125.000          90.000           -2.350e+01          -5.600e+01             123.507          -2.350e+01             221.722           3.259e+01     
 126.000          90.000           -2.300e+01          -5.775e+01             109.883          -2.301e+01             212.197           3.495e+01     
 127.000          90.000           -2.254e+01          -5.936e+01              92.040          -2.254e+01             203.951           3.746e+01     
 128.000          90.000           -2.216e+01          -6.039e+01              70.954          -2.216e+01             196.837           4.000e+01     
 129.000          90.000           -2.189e+01          -6.066e+01              50.144          -2.189e+01             190.674           4.000e+01     
 130.000          90.000           -2.176e+01          -6.048e+01              32.760          -2.176e+01             185.295           4.000e+01     
 131.000          90.000           -2.178e+01          -6.031e+01              19.283          -2.178e+01             180.558           4.000e+01     
 132.000          90.000           -2.197e+01          -6.045e+01               8.739          -2.197e+01             176.350           4.000e+01     
 133.000          90.000           -2.237e+01          -6.109e+01               0.011          -2.237e+01             172.588           4.000e+01     
 134.000          90.000           -2.300e+01          -6.241e+01             352.096          -2.300e+01             169.222           4.000e+01     
 135.000          90.000           -2.392e+01          -6.475e+01             343.717          -2.392e+01             166.251           4.000e+01     
 136.000          90.000           -2.524e+01          -6.893e+01             331.358          -2.524e+01             163.723           4.000e+01     
 137.000          90.000           -2.712e+01          -7.720e+01             287.612          -2.712e+01             161.898           4.000e+01     
 138.000          90.000           -2.996e+01          -7.213e+01             191.053          -2.996e+01             161.544           4.000e+01     
 139.000          90.000           -3.477e+01          -6.555e+01             171.998          -3.477e+01             166.140           4.000e+01     
 140.000          90.000           -4.426e+01          -6.179e+01             164.250          -4.434e+01             214.417           1.981e+01     
 141.000          90.000           -3.625e+01          -5.933e+01             159.286          -3.627e+01             299.595           2.698e+01     
 142.000          90.000           -2.989e+01          -5.764e+01             155.547          -2.989e+01             307.651           3.436e+01     
 143.000          90.000           -2.608e+01          -5.649e+01             152.566          -2.608e+01             307.731           3.795e+01     
 144.000          90.000           -2.338e+01          -5.575e+01             150.192          -2.339e+01             305.757           4.000e+01     
 145.000          90.000           -2.133e+01          -5.538e+01             148.414          -2.133e+01             302.865           4.000e+01     
 146.000          90.000           -1.969e+01          -5.532e+01             147.324          -1.969e+01             299.411           4.000e+01     
 147.000          90.000           -1.835e+01          -5.557e+01             147.112          -1.835e+01             295.521           4.000e+01     
 148.000          90.000           -1.724e+01          -5.612e+01             148.130          -1.724e+01             291.250           4.000e+01     
 149.000          90.000           -1.631e+01          -5.694e+01             150.972          -1.631e+01             286.614           4.000e+01     
 150.000          90.000           -1.553e+01          -5.797e+01             156.544          -1.553e+01             281.618           4.000e+01     
 151.000          90.000           -1.487e+01          -5.905e+01             166.054          -1.487e+01             276.249           4.000e+01     
 152.000          90.000           -1.431e+01          -5.976e+01             180.071          -1.431e+01             270.496           4.000e+01     
 153.000          90.000           -1.383e+01          -5.960e+01             196.458          -1.383e+01             264.351           4.000e+01     
 154.000          90.000           -1.340e+01          -5.854e+01             210.737          -1.340e+01             257.811           4.000e+01     
 155.000          90.000           -1.301e+01          -5.703e+01             220.433          -1.301e+01             250.887           4.000e+01     
 156.000          90.000           -1.265e+01          -5.549e+01             225.952          -1.265e+01             243.611           4.000e+01     
 157.000          90.000           -1.228e+01          -5.410e+01             228.517          -1.228e+01             236.035           4.000e+01     
 158.000          90.000           -1.190e+01          -5.289e+01             229.121          -1.190e+01             228.238           4.000e+01     
 159.000          90.000           -1.149e+01          -5.186e+01             228.418          -1.149e+01             220.323           4.000e+01     
 160.000          90.000           -1.105e+01          -5.100e+01             226.831          -1.105e+01             212.410           4.000e+01     
 161.000          90.000           -1.057e+01          -5.029e+01             224.640          -1.057e+01             204.623           4.000e+01     
 162.000          90.000           -1.006e+01          -4.970e+01             222.037          -1.006e+01             197.077           4.000e+01     
 163.000          90.000           -9.514e+00          -4.922e+01             219.161          -9.514e+00             189.869           4.000e+01     
 164.000          90.000           -8.955e+00          -4.884e+01             216.118          -8.955e+00             183.075           4.000e+01     
 165.000          90.000           -8.388e+00          -4.855e+01             212.989          -8.389e+00             176.741           4.000e+01     
 166.000          90.000           -7.826e+00          -4.835e+01             209.835          -7.826e+00             170.891           4.000e+01     
 167.000          90.000           -7.276e+00          -4.824e+01             206.705          -7.277e+00             165.533           4.000e+01     
 168.000          90.000           -6.749e+00          -4.822e+01             203.631          -6.749e+00             160.661           4.000e+01     
 169.000          90.000           -6.249e+00          -4.828e+01             200.634          -6.249e+00             156.262           4.000e+01     
 170.000          90.000           -5.783e+00          -4.843e+01             197.723          -5.783e+00             152.320           4.000e+01     
 171.000          90.000           -5.354e+00          -4.867e+01             194.894          -5.354e+00             148.817           4.000e+01     
 172.000          90.000           -4.965e+00          -4.902e+01             192.126          -4.965e+00             145.733           4.000e+01     
 173.000          90.000           -4.619e+00          -4.948e+01             189.379          -4.619e+00             143.049           4.000e+01     
 174.000          90.000           -4.317e+00          -5.006e+01             186.594          -4.317e+00             140.757           4.000e+01     
 175.000          90.000           -4.059e+00          -5.077e+01             183.671          -4.060e+00             138.840           4.000e+01     
 176.000          90.000           -3.848e+00          -5.165e+01             180.453          -3.848e+00             137.287           4.000e+01     
 177.000          90.000           -3.683e+00          -5.270e+01             176.693          -3.683e+00             136.091           4.000e+01     
 178.000          90.000           -3.564e+00          -5.395e+01             171.983          -3.564e+00             135.244           4.000e+01     
 179.000          90.000           -3.492e+00          -5.543e+01             165.630          -3.492e+00             134.742           4.000e+01     
 180.000          90.000           -3.468e+00          -5.711e+01             156.460          -3.468e+00             134.582           4.000e+01     
 179.000         270.000           -3.490e+00          -5.882e+01             322.708          -3.490e+00             314.763           4.000e+01     
 178.000         270.000           -3.559e+00          -6.004e+01             303.108          -3.559e+00             315.285           4.000e+01     
 177.000         270.000           -3.675e+00          -6.005e+01             280.547          -3.675e+00             316.152           4.000e+01     
 176.000         270.000           -3.838e+00          -5.885e+01             261.611          -3.838e+00             317.367           4.000e+01     
 175.000         270.000           -4.047e+00          -5.721e+01             248.940          -4.047e+00             318.938           4.000e+01     
 174.000         270.000           -4.302e+00          -5.561e+01             241.181          -4.302e+00             320.871           4.000e+01     
 173.000         270.000           -4.602e+00          -5.421e+01             236.584          -4.602e+00             323.179           4.000e+01     
 172.000         270.000           -4.946e+00          -5.305e+01             233.996          -4.946e+00             325.876           4.000e+01     
 171.000         270.000           -5.333e+00          -5.210e+01             232.728          -5.333e+00             328.973           4.000e+01     
 170.000         270.000           -5.760e+00          -5.135e+01             232.371          -5.761e+00             332.487           4.000e+01     
 169.000         270.000           -6.225e+00          -5.076e+01             232.670          -6.225e+00             336.438           4.000e+01     
 168.000         270.000           -6.724e+00          -5.034e+01             233.460          -6.724e+00             340.843           4.000e+01     
 167.000         270.000           -7.250e+00          -5.006e+01             234.622          -7.250e+00             345.720           4.000e+01     
 166.000         270.000           -7.799e+00          -4.993e+01             236.073          -7.799e+00             351.081           4.000e+01     
 165.000         270.000           -8.361e+00          -4.995e+01             237.744          -8.361e+00             356.932           4.000e+01     
 164.000         270.000           -8.927e+00          -5.012e+01             239.578          -8.927e+00               3.265           4.000e+01     
 163.000         270.000           -9.486e+00          -5.046e+01             241.520          -9.487e+00              10.054           4.000e+01     
 162.000         270.000           -1.003e+01          -5.097e+01             243.513          -1.003e+01              17.252           4.000e+01     
 161.000         270.000           -1.054e+01          -5.170e+01             245.486          -1.054e+01              24.786           4.000e+01     
 160.000         270.000           -1.103e+01          -5.268e+01             247.341          -1.103e+01              32.559           4.000e+01     
 159.000         270.000           -1.147e+01          -5.399e+01             248.919          -1.147e+01              40.457           4.000e+01     
 158.000         270.000           -1.189e+01          -5.574e+01             249.921          -1.189e+01              48.356           4.000e+01     
 157.000         270.000           -1.227e+01          -5.816e+01             249.655          -1.227e+01              56.142           4.000e+01     
 156.000         270.000           -1.265e+01          -6.175e+01             246.001          -1.265e+01              63.713           4.000e+01     
 155.000         270.000           -1.302e+01          -6.764e+01             228.514          -1.302e+01              70.994           4.000e+01     
 154.000         270.000           -1.342e+01          -7.065e+01             152.292          -1.342e+01              77.933           4.000e+01     
 153.000         270.000           -1.385e+01          -6.377e+01             116.232          -1.385e+01              84.499           4.000e+01     
 152.000         270.000           -1.435e+01          -5.943e+01             109.230          -1.435e+01              90.684           4.000e+01     
 151.000         270.000           -1.492e+01          -5.664e+01             107.769          -1.492e+01              96.489           4.000e+01     
 150.000         270.000           -1.559e+01          -5.470e+01             108.060          -1.559e+01             101.923           4.000e+01     
 149.000         270.000           -1.638e+01          -5.333e+01             109.054          -1.638e+01             106.997           4.000e+01     
 148.000         270.000           -1.732e+01          -5.238e+01             110.327          -1.732e+01             111.722           4.000e+01     
 147.000         270.000           -1.844e+01          -5.177e+01             111.682          -1.844e+01             116.093           4.000e+01     
 146.000         270.000           -1.979e+01          -5.148e+01             112.976          -1.979e+01             120.096           4.000e+01     
 145.000         270.000           -2.144e+01          -5.149e+01             114.092          -2.144e+01             123.676           4.000e+01     
 144.000         270.000           -2.352e+01          -5.181e+01             114.902          -2.352e+01             126.711           4.000e+01     
 143.000         270.000           -2.624e+01          -5.246e+01             115.222          -2.626e+01             128.852           3.878e+01     
 142.000         270.000           -3.014e+01          -5.350e+01             114.746          -3.016e+01             128.959           3.558e+01     
 141.000         270.000           -3.677e+01          -5.501e+01             112.888          -3.684e+01             120.752           3.558e+01     
 140.000         270.000           -4.410e+01          -5.712e+01             108.357          -4.432e+01              26.196           1.289e+01     
 139.000         270.000           -3.439e+01          -5.998e+01              97.898          -3.440e+01             345.229           2.628e+01     
 138.000         270.000           -2.969e+01          -6.316e+01              73.479          -2.970e+01             341.732           3.347e+01     
 137.000         270.000           -2.690e+01          -6.364e+01              33.271          -2.690e+01             342.475           3.896e+01     
 136.000         270.000           -2.503e+01          -6.089e+01               5.773          -2.503e+01             344.510           4.000e+01     
 135.000         270.000           -2.371e+01          -5.822e+01             353.922          -2.372e+01             347.171           4.000e+01     
 134.000         270.000           -2.279e+01          -5.634e+01             348.948          -2.279e+01             350.235           4.000e+01     
 133.000         270.000           -2.215e+01          -5.515e+01             347.111          -2.215e+01             353.666           4.000e+01     
 132.000         270.000           -2.174e+01          -5.455e+01             347.014          -2.175e+01             357.475           4.000e+01     
 131.000         270.000           -2.154e+01          -5.447e+01             348.145          -2.154e+01               1.715           4.000e+01     
 130.000         270.000           -2.151e+01          -5.492e+01             350.432          -2.151e+01               6.474           4.000e+01     
 129.000         270.000           -2.164e+01          -5.597e+01             354.207          -2.164e+01              11.869           4.000e+01     
 128.000         270.000           -2.190e+01          -5.776e+01               0.543          -2.190e+01              18.045           4.000e+01     
 127.000         270.000           -2.227e+01          -6.054e+01              12.634          -2.228e+01              25.173           4.000e+01     
 126.000         270.000           -2.273e+01          -6.414e+01              40.643          -2.273e+01              33.436           4.000e+01     
 125.000         270.000           -2.322e+01          -6.453e+01              92.021          -2.322e+01              42.982           4.000e+01     
 124.000         270.000           -2.367e+01          -6.067e+01             124.939          -2.367e+01              53.852           3.747e+01     
 123.000         270.000           -2.402e+01          -5.733e+01             139.086          -2.402e+01              65.876           3.369e+01     
 122.000         270.000           -2.420e+01          -5.502e+01             146.554          -2.421e+01              78.609           3.148e+01     
 121.000         270.000           -2.420e+01          -5.349e+01             151.344          -2.421e+01              91.402           3.053e+01     
 120.000         270.000           -2.405e+01          -5.255e+01             154.858          -2.406e+01             103.673           3.066e+01     
 119.000         270.000           -2.382e+01          -5.213e+01             157.697          -2.383e+01             115.022           3.169e+01     
 118.000         270.000           -2.360e+01          -5.222e+01             160.177          -2.361e+01             125.346           3.348e+01     
 117.000         270.000           -2.346e+01          -5.284e+01             162.520          -2.346e+01             134.742           3.602e+01     
 116.000         270.000           -2.345e+01          -5.413e+01             164.964          -2.345e+01             143.418           3.939e+01     
 115.000         270.000           -2.360e+01          -5.638e+01             167.976          -2.360e+01             151.623           4.000e+01     
 114.000         270.000           -2.396e+01          -6.040e+01             173.147          -2.396e+01             159.634           4.000e+01     
 113.000         270.000           -2.455e+01          -6.968e+01             195.254          -2.455e+01             167.764           4.000e+01     
 112.000         270.000           -2.540e+01          -6.653e+01             324.154          -2.540e+01             176.408           4.000e+01     
 111.000         270.000           -2.655e+01          -5.842e+01             338.054          -2.655e+01             186.126           3.842e+01     
 110.000         270.000           -2.800e+01          -5.427e+01             341.971          -2.801e+01             197.805           3.092e+01     
 109.000         270.000           -2.973e+01          -5.162e+01             343.989          -2.976e+01             212.908           2.434e+01     
 108.000         270.000           -3.148e+01          -4.980e+01             345.240          -3.154e+01             233.514           1.892e+01     
 107.000         270.000           -3.259e+01          -4.856e+01             346.033          -3.271e+01             260.491           1.588e+01     
 106.000         270.000           -3.241e+01          -4.777e+01             346.464          -3.253e+01             289.162           1.681e+01     
 105.000         270.000           -3.128e+01          -4.735e+01             346.545          -3.138e+01             312.769           2.122e+01     
 104.000         270.000           -2.999e+01          -4.729e+01             346.226          -3.008e+01             330.295           2.860e+01     
 103.000         270.000           -2.896e+01          -4.759e+01             345.396          -2.902e+01             343.780           4.000e+01     
 102.000         270.000           -2.830e+01          -4.825e+01             343.841          -2.834e+01             355.066           3.421e+01     
 101.000         270.000           -2.801e+01          -4.933e+01             341.155          -2.805e+01               5.386           2.907e+01     
 100.000         270.000           -2.811e+01          -5.090e+01             336.512          -2.813e+01              15.658           2.679e+01     
  99.000         270.000           -2.859e+01          -5.307e+01             328.081          -2.860e+01              26.778           2.584e+01     
  98.000         270.000           -2.943e+01          -5.574e+01             311.609          -2.944e+01              39.879           2.631e+01     
  97.000         270.000           -3.055e+01          -5.776e+01             280.946          -3.056e+01              56.716           3.034e+01     
  96.000         270.000           -3.158e+01          -5.678e+01             246.006          -3.160e+01              79.332           3.796e+01     
  95.000         270.000           -3.177e+01          -5.421e+01             224.861          -3.179e+01             107.478           2.346e+01     
  94.000         270.000           -3.062e+01          -5.195e+01             214.148          -3.065e+01             135.149           2.146e+01     
  93.000         270.000           -2.870e+01          -5.030e+01             208.388          -2.873e+01             156.890           2.373e+01     
  92.000         270.000           -2.673e+01          -4.920e+01             205.095          -2.675e+01             172.870           2.794e+01     
  91.000         270.000           -2.500e+01          -4.857e+01             203.198          -2.502e+01             185.124           3.375e+01     
  90.000         270.000           -2.357e+01          -4.836e+01             202.206          -2.359e+01             195.192           4.000e+01     
  89.000         270.000           -2.242e+01          -4.856e+01             201.909          -2.243e+01             204.002           4.000e+01     
  88.000         270.000           -2.152e+01          -4.920e+01             202.253          -2.153e+01             212.128           4.000e+01     
  87.000         270.000           -2.084e+01          -5.035e+01             203.363          -2.085e+01             219.939           4.000e+01     
  86.000         270.000           -2.036e+01          -5.217e+01             205.664          -2.036e+01             227.710           4.000e+01     
  85.000         270.000           -2.005e+01          -5.498e+01             210.446          -2.005e+01             235.675           4.000e+01     
  84.000         270.000           -1.989e+01          -5.955e+01             222.912          -1.989e+01             244.016           4.000e+01     
  83.000         270.000           -1.987e+01          -6.579e+01             274.274          -1.987e+01             252.941           4.000e+01     
  82.000         270.000           -1.994e+01          -6.092e+01             340.942          -1.994e+01             262.637           4.000e+01     
  81.000         270.000           -2.006e+01          -5.578e+01             357.563          -2.006e+01             273.260           3.576e+01     
  80.000         270.000           -2.018e+01          -5.268e+01               3.794          -2.018e+01             284.885           3.266e+01     
  79.000         270.000           -2.023e+01          -5.070e+01               7.206          -2.023e+01             297.434           3.102e+01     
  78.000         270.000           -2.015e+01          -4.944e+01               9.539          -2.016e+01             310.616           3.064e+01     
  77.000         270.000           -1.991e+01          -4.874e+01              11.396          -1.992e+01             323.954           3.149e+01     
  76.000         270.000           -1.951e+01          -4.853e+01              13.055          -1.952e+01             336.915           3.360e+01     
  75.000         270.000           -1.900e+01          -4.878e+01              14.689          -1.900e+01             349.083           3.707e+01     
  74.000         270.000           -1.843e+01          -4.955e+01              16.452          -1.843e+01               0.253           4.000e+01     
  73.000         270.000           -1.786e+01          -5.096e+01              18.585          -1.786e+01              10.409           4.000e+01     
  72.000         270.000           -1.733e+01          -5.332e+01              21.614          -1.733e+01              19.656           4.000e+01     
  71.000         270.000           -1.687e+01          -5.746e+01              27.545          -1.687e+01              28.154           4.000e+01     
  70.000         270.000           -1.650e+01          -6.677e+01              55.363          -1.650e+01              36.068           4.000e+01     
  69.000         270.000           -1.621e+01          -6.259e+01             174.330          -1.621e+01              43.551           4.000e+01     
  68.000         270.000           -1.600e+01          -5.493e+01             189.156          -1.600e+01              50.739           4.000e+01     
  67.000         270.000           -1.587e+01          -5.081e+01             193.815          -1.587e+01              57.742           3.812e+01     
  66.000         270.000           -1.580e+01          -4.809e+01             196.511          -1.580e+01              64.646           3.485e+01     
  65.000         270.000           -1.578e+01          -4.613e+01             198.499          -1.578e+01              71.513           3.230e+01     
  64.000         270.000           -1.577e+01          -4.467e+01             200.145          -1.578e+01              78.370           3.031e+01     
  63.000         270.000           -1.576e+01          -4.359e+01             201.589          -1.577e+01              85.211           2.878e+01     
  62.000         270.000           -1.572e+01          -4.280e+01             202.888          -1.573e+01              91.989           2.766e+01     
  61.000         270.000           -1.562e+01          -4.225e+01             204.062          -1.563e+01              98.621           2.694e+01     
  60.000         270.000           -1.544e+01          -4.191e+01             205.109          -1.545e+01             105.002           2.659e+01     
  59.000         270.000           -1.516e+01          -4.175e+01             206.012          -1.517e+01             111.021           2.661e+01     
  58.000         270.000           -1.477e+01          -4.175e+01             206.738          -1.478e+01             116.623           2.697e+01     
  57.000         270.000           -1.428e+01          -4.191e+01             207.243          -1.429e+01             121.717           2.764e+01     
  56.000         270.000           -1.369e+01          -4.220e+01             207.465          -1.370e+01             126.339           2.860e+01     
  55.000         270.000           -1.301e+01          -4.261e+01             207.328          -1.302e+01             130.550           2.982e+01     
  54.000         270.000           -1.227e+01          -4.313e+01             206.728          -1.227e+01             134.445           3.128e+01     
  53.000         270.000           -1.147e+01          -4.374e+01             205.549          -1.148e+01             138.127           3.296e+01     
  52.000         270.000           -1.064e+01          -4.442e+01             203.657          -1.065e+01             141.698           3.486e+01     
  51.000         270.000           -9.797e+00          -4.513e+01             200.919          -9.798e+00             145.241           3.699e+01     
  50.000         270.000           -8.948e+00          -4.583e+01             197.237          -8.949e+00             148.816           3.940e+01     
  49.000         270.000           -8.109e+00          -4.647e+01             192.588          -8.109e+00             152.464           4.000e+01     
  48.000         270.000           -7.289e+00          -4.700e+01             187.088          -7.289e+00             156.203           4.000e+01     
  47.000         270.000           -6.495e+00          -4.736e+01             181.008          -6.495e+00             160.037           4.000e+01     
  46.000         270.000           -5.731e+00          -4.755e+01             174.730          -5.731e+00             163.954           4.000e+01     
  45.000         270.000           -5.002e+00          -4.757e+01             168.637          -5.002e+00             167.933           4.000e+01     
  44.000         270.000           -4.305e+00          -4.747e+01             162.998          -4.306e+00             171.952           4.000e+01     
  43.000         270.000           -3.642e+00          -4.728e+01             157.917          -3.643e+00             175.975           4.000e+01     
  42.000         270.000           -3.012e+00          -4.707e+01             153.361          -3.012e+00             179.970           4.000e+01     
  41.000         270.000           -2.412e+00          -4.686e+01             149.212          -2.412e+00             183.898           4.000e+01     
  40.000         270.000           -1.841e+00          -4.667e+01             145.317          -1.841e+00             187.721           4.000e+01     
  39.000         270.000           -1.294e+00          -4.653e+01             141.522          -1.294e+00             191.400           4.000e+01     
  38.000         270.000           -7.698e-01          -4.642e+01             137.693          -7.699e-01             194.897           4.000e+01     
  37.000         270.000           -2.632e-01          -4.635e+01             133.725          -2.633e-01             198.179           4.000e+01     
  36.000         270.000            2.298e-01          -4.631e+01             129.549           2.297e-01             201.212           4.000e+01     
  35.000         270.000            7.143e-01          -4.629e+01             125.132           7.142e-01             203.971           4.000e+01     
  34.000         270.000            1.195e+00          -4.628e+01             120.479           1.195e+00             206.429           4.000e+01     
  33.000         270.000            1.679e+00          -4.628e+01             115.625           1.679e+00             208.588           4.000e+01     
  32.000         270.000            2.172e+00          -4.627e+01             110.630           2.172e+00             210.441           4.000e+01     
  31.000         270.000            2.679e+00          -4.625e+01             105.566           2.678e+00             212.001           4.000e+01     
  30.000         270.000            3.205e+00          -4.623e+01             100.493           3.204e+00             213.292           4.000e+01     
  29.000         270.000            3.754e+00          -4.621e+01              95.461           3.754e+00             214.347           4.000e+01     
  28.000         270.000            4.329e+00          -4.620e+01              90.492           4.329e+00             215.210           4.000e+01     
  27.000         270.000            4.930e+00          -4.620e+01              85.580           4.930e+00             215.930           4.000e+01     
  26.000         270.000            5.557e+00          -4.622e+01              80.695           5.557e+00             216.557           4.000e+01     
  25.000         270.000            6.205e+00          -4.627e+01              75.784           6.205e+00             217.137           4.000e+01     
  24.000         270.000            6.870e+00          -4.634e+01              70.800           6.870e+00             217.713           4.000e+01     
  23.000         270.000            7.547e+00          -4.641e+01              65.688           7.547e+00             218.316           4.000e+01     
  22.000         270.000            8.229e+00          -4.649e+01              60.416           8.229e+00             218.969           4.000e+01     
  21.000         270.000            8.909e+00          -4.655e+01              54.983           8.909e+00             219.685           4.000e+01     
  20.000         270.000            9.582e+00          -4.657e+01              49.431           9.582e+00             220.470           4.000e+01     
  19.000         270.000            1.024e+01          -4.656e+01              43.848           1.024e+01             221.320           4.000e+01     
  18.000         270.000            1.088e+01          -4.649e+01              38.360           1.088e+01             222.229           4.000e+01     
  17.000         270.000            1.150e+01          -4.637e+01              33.112           1.150e+01             223.186           4.000e+01     
  16.000         270.000            1.210e+01          -4.620e+01              28.247           1.210e+01             224.179           4.000e+01     
  15.000         270.000            1.266e+01          -4.601e+01              23.880           1.266e+01             225.192           4.000e+01     
  14.000         270.000            1.320e+01          -4.580e+01              20.087           1.320e+01             226.212           4.000e+01     
  13.000         270.000            1.370e+01          -4.561e+01              16.911           1.370e+01             227.224           4.000e+01     
  12.000         270.000            1.417e+01          -4.545e+01              14.360           1.417e+01             228.215           4.000e+01     
  11.000         270.000            1.460e+01          -4.533e+01              12.429           1.460e+01             229.172           4.000e+01     
  10.000         270.000            1.500e+01          -4.528e+01              11.103           1.500e+01             230.084           4.000e+01     
   9.000         270.000            1.536e+01          -4.530e+01              10.371           1.536e+01             230.939           4.000e+01     
   8.000         270.000            1.568e+01          -4.539e+01              10.237           1.568e+01             231.729           4.000e+01     
   7.000         270.000            1.597e+01          -4.558e+01              10.719           1.597e+01             232.444           4.000e+01     
   6.000         270.000            1.621e+01          -4.585e+01              11.858           1.621e+01             233.079           4.000e+01     
   5.000         270.000            1.642e+01          -4.621e+01              13.725           1.642e+01             233.627           4.000e+01     
   4.000         270.000            1.660e+01          -4.666e+01              16.420           1.660e+01             234.082           4.000e+01     
   3.000         270.000            1.673e+01          -4.717e+01              20.066           1.673e+01             234.441           4.000e+01     
   2.000         270.000            1.682e+01          -4.771e+01              24.793           1.682e+01             234.701           4.000e+01     
   1.000         270.000            1.688e+01          -4.825e+01              30.688           1.688e+01             234.859           4.000e+01     
