Theta [deg.]  Phi   [deg.]  Abs(Dir.)[dBi   ]   Abs(Theta)[dBi   ]  Phase(Theta)[deg.]  Abs(Phi  )[dBi   ]  Phase(Phi  )[deg.]  Ax.Ratio[dB    ]    
------------------------------------------------------------------------------------------------------------------------------------------------------
   0.000           0.000            1.692e+01          -6.409e+01             194.813           1.692e+01             209.846           4.000e+01     
   1.000           0.000            1.690e+01          -6.473e+01             270.256           1.690e+01             209.794           4.000e+01     
   2.000           0.000            1.684e+01          -5.869e+01             301.913           1.684e+01             209.639           4.000e+01     
   3.000           0.000            1.674e+01          -5.475e+01             311.536           1.674e+01             209.382           4.000e+01     
   4.000           0.000            1.661e+01          -5.212e+01             315.999           1.661e+01             209.026           4.000e+01     
   5.000           0.000            1.644e+01          -5.025e+01             318.585           1.644e+01             208.574           4.000e+01     
   6.000           0.000            1.623e+01          -4.890e+01             320.279           1.623e+01             208.029           4.000e+01     
   7.000           0.000            1.598e+01          -4.793e+01             321.483           1.598e+01             207.396           4.000e+01     
   8.000           0.000            1.570e+01          -4.727e+01             322.394           1.570e+01             206.681           4.000e+01     
   9.000           0.000            1.538e+01          -4.687e+01             323.138           1.538e+01             205.890           4.000e+01     
  10.000           0.000            1.502e+01          -4.672e+01             323.803           1.502e+01             205.031           4.000e+01     
  11.000           0.000            1.463e+01          -4.680e+01             324.478           1.463e+01             204.112           4.000e+01     
  12.000           0.000            1.420e+01          -4.710e+01             325.269           1.420e+01             203.144           4.000e+01     
  13.000           0.000            1.373e+01          -4.765e+01             326.317           1.373e+01             202.138           4.000e+01     
  14.000           0.000            1.323e+01          -4.844e+01             327.839           1.323e+01             201.106           4.000e+01     
  15.000           0.000            1.270e+01          -4.952e+01             330.195           1.270e+01             200.062           4.000e+01     
  16.000           0.000            1.214e+01          -5.090e+01             334.008           1.214e+01             199.018           4.000e+01     
  17.000           0.000            1.155e+01          -5.262e+01             340.425           1.155e+01             197.991           4.000e+01     
  18.000           0.000            1.093e+01          -5.457e+01             351.510           1.093e+01             196.995           4.000e+01     
  19.000           0.000            1.029e+01          -5.630e+01               9.925           1.029e+01             196.045           4.000e+01     
  20.000           0.000            9.634e+00          -5.674e+01              34.406           9.634e+00             195.153           4.000e+01     
  21.000           0.000            8.963e+00          -5.552e+01              55.947           8.963e+00             194.328           4.000e+01     
  22.000           0.000            8.283e+00          -5.366e+01              69.572           8.283e+00             193.576           4.000e+01     
  23.000           0.000            7.602e+00          -5.189e+01              77.214           7.602e+00             192.896           4.000e+01     
  24.000           0.000            6.925e+00          -5.042e+01              81.401           6.925e+00             192.279           4.000e+01     
  25.000           0.000            6.259e+00          -4.924e+01              83.669           6.259e+00             191.706           4.000e+01     
  26.000           0.000            5.610e+00          -4.832e+01              84.881           5.610e+00             191.151           4.000e+01     
  27.000           0.000            4.985e+00          -4.763e+01              85.556           4.985e+00             190.573           4.000e+01     
  28.000           0.000            4.388e+00          -4.713e+01              86.026           4.388e+00             189.927           4.000e+01     
  29.000           0.000            3.819e+00          -4.680e+01              86.532           3.819e+00             189.163           4.000e+01     
  30.000           0.000            3.281e+00          -4.663e+01              87.265           3.281e+00             188.230           4.000e+01     
  31.000           0.000            2.770e+00          -4.659e+01              88.392           2.770e+00             187.081           4.000e+01     
  32.000           0.000            2.282e+00          -4.666e+01              90.060           2.282e+00             185.677           4.000e+01     
  33.000           0.000            1.813e+00          -4.682e+01              92.393           1.813e+00             183.989           4.000e+01     
  34.000           0.000            1.356e+00          -4.703e+01              95.479           1.356e+00             182.000           4.000e+01     
  35.000           0.000            9.039e-01          -4.724e+01              99.335           9.038e-01             179.705           4.000e+01     
  36.000           0.000            4.493e-01          -4.740e+01             103.853           4.492e-01             177.106           4.000e+01     
  37.000           0.000           -1.358e-02          -4.747e+01             108.796          -1.366e-02             174.219           4.000e+01     
  38.000           0.000           -4.905e-01          -4.742e+01             113.819          -4.906e-01             171.063           4.000e+01     
  39.000           0.000           -9.867e-01          -4.727e+01             118.552          -9.868e-01             167.661           4.000e+01     
  40.000           0.000           -1.506e+00          -4.702e+01             122.717          -1.507e+00             164.039           4.000e+01     
  41.000           0.000           -2.053e+00          -4.674e+01             126.185          -2.054e+00             160.223           4.000e+01     
  42.000           0.000           -2.631e+00          -4.646e+01             128.985          -2.631e+00             156.241           4.000e+01     
  43.000           0.000           -3.241e+00          -4.622e+01             131.266          -3.241e+00             152.118           4.000e+01     
  44.000           0.000           -3.886e+00          -4.606e+01             133.257          -3.886e+00             147.877           4.000e+01     
  45.000           0.000           -4.567e+00          -4.600e+01             135.235          -4.568e+00             143.537           4.000e+01     
  46.000           0.000           -5.285e+00          -4.606e+01             137.520          -5.285e+00             139.109           4.000e+01     
  47.000           0.000           -6.041e+00          -4.624e+01             140.484          -6.041e+00             134.616           4.000e+01     
  48.000           0.000           -6.832e+00          -4.653e+01             144.540          -6.833e+00             130.055           4.000e+01     
  49.000           0.000           -7.657e+00          -4.690e+01             150.138          -7.657e+00             125.424           4.000e+01     
  50.000           0.000           -8.510e+00          -4.725e+01             157.657          -8.511e+00             120.715           4.000e+01     
  51.000           0.000           -9.385e+00          -4.745e+01             167.156          -9.386e+00             115.916           4.000e+01     
  52.000           0.000           -1.027e+01          -4.735e+01             178.026          -1.027e+01             111.010           3.779e+01     
  53.000           0.000           -1.116e+01          -4.687e+01             188.989          -1.116e+01             105.987           3.578e+01     
  54.000           0.000           -1.202e+01          -4.610e+01             198.720          -1.202e+01             100.838           3.416e+01     
  55.000           0.000           -1.285e+01          -4.518e+01             206.517          -1.285e+01              95.570           3.293e+01     
  56.000           0.000           -1.362e+01          -4.427e+01             212.351          -1.362e+01              90.204           3.210e+01     
  57.000           0.000           -1.431e+01          -4.348e+01             216.525          -1.431e+01              84.777           3.171e+01     
  58.000           0.000           -1.491e+01          -4.285e+01             219.415          -1.492e+01              79.341           3.179e+01     
  59.000           0.000           -1.541e+01          -4.242e+01             221.343          -1.542e+01              73.947           3.238e+01     
  60.000           0.000           -1.582e+01          -4.222e+01             222.549          -1.583e+01              68.643           3.355e+01     
  61.000           0.000           -1.613e+01          -4.227e+01             223.214          -1.614e+01              63.445           3.537e+01     
  62.000           0.000           -1.636e+01          -4.258e+01             223.454          -1.637e+01              58.347           3.803e+01     
  63.000           0.000           -1.654e+01          -4.319e+01             223.338          -1.655e+01              53.317           4.000e+01     
  64.000           0.000           -1.668e+01          -4.417e+01             222.875          -1.669e+01              48.301           4.000e+01     
  65.000           0.000           -1.681e+01          -4.560e+01             221.987          -1.681e+01              43.231           4.000e+01     
  66.000           0.000           -1.694e+01          -4.767e+01             220.410          -1.695e+01              38.030           4.000e+01     
  67.000           0.000           -1.710e+01          -5.078e+01             217.281          -1.710e+01              32.615           4.000e+01     
  68.000           0.000           -1.731e+01          -5.601e+01             208.690          -1.731e+01              26.899           4.000e+01     
  69.000           0.000           -1.756e+01          -6.574e+01             150.164          -1.756e+01              20.783           4.000e+01     
  70.000           0.000           -1.788e+01          -5.739e+01              69.014          -1.788e+01              14.161           4.000e+01     
  71.000           0.000           -1.825e+01          -5.168e+01              58.314          -1.826e+01               6.905           3.557e+01     
  72.000           0.000           -1.869e+01          -4.846e+01              54.909          -1.869e+01             358.880           3.140e+01     
  73.000           0.000           -1.916e+01          -4.639e+01              53.384          -1.916e+01             349.949           2.820e+01     
  74.000           0.000           -1.963e+01          -4.503e+01              52.630          -1.964e+01             340.005           2.579e+01     
  75.000           0.000           -2.007e+01          -4.416e+01              52.267          -2.009e+01             329.023           2.414e+01     
  76.000           0.000           -2.041e+01          -4.372e+01              52.130          -2.043e+01             317.137           2.332e+01     
  77.000           0.000           -2.062e+01          -4.364e+01              52.123          -2.064e+01             304.678           2.341e+01     
  78.000           0.000           -2.067e+01          -4.393e+01              52.185          -2.069e+01             292.135           2.451e+01     
  79.000           0.000           -2.058e+01          -4.462e+01              52.260          -2.060e+01             280.012           2.665e+01     
  80.000           0.000           -2.040e+01          -4.579e+01              52.297          -2.042e+01             268.681           2.993e+01     
  81.000           0.000           -2.020e+01          -4.759e+01              52.215          -2.021e+01             258.305           3.453e+01     
  82.000           0.000           -2.003e+01          -5.039e+01              51.842          -2.004e+01             248.871           4.000e+01     
  83.000           0.000           -1.995e+01          -5.522e+01              50.498          -1.995e+01             240.250           4.000e+01     
  84.000           0.000           -1.998e+01          -6.868e+01              37.405          -1.998e+01             232.261           4.000e+01     
  85.000           0.000           -2.015e+01          -5.951e+01             239.920          -2.015e+01             224.704           4.000e+01     
  86.000           0.000           -2.049e+01          -5.231e+01             236.702          -2.050e+01             217.365           4.000e+01     
  87.000           0.000           -2.102e+01          -4.865e+01             235.821          -2.102e+01             209.989           3.485e+01     
  88.000           0.000           -2.174e+01          -4.636e+01             235.381          -2.176e+01             202.325           2.989e+01     
  89.000           0.000           -2.269e+01          -4.488e+01             235.095          -2.271e+01             193.993           2.584e+01     
  90.000           0.000           -2.386e+01          -4.396e+01             234.888          -2.390e+01             184.472           2.235e+01     
  91.000           0.000           -2.524e+01          -4.350e+01             234.751          -2.531e+01             172.980           1.932e+01     
  92.000           0.000           -2.675e+01          -4.345e+01             234.711          -2.685e+01             158.432           1.686e+01     
  93.000           0.000           -2.816e+01          -4.381e+01             234.826          -2.828e+01             139.721           1.556e+01     
  94.000           0.000           -2.903e+01          -4.461e+01             235.212          -2.915e+01             117.211           1.660e+01     
  95.000           0.000           -2.903e+01          -4.593e+01             236.103          -2.912e+01              94.023           2.116e+01     
  96.000           0.000           -2.834e+01          -4.795e+01             238.016          -2.838e+01              74.123           3.079e+01     
  97.000           0.000           -2.742e+01          -5.101e+01             242.416          -2.744e+01              58.603           4.000e+01     
  98.000           0.000           -2.660e+01          -5.597e+01             255.297          -2.660e+01              46.557           3.573e+01     
  99.000           0.000           -2.600e+01          -6.208e+01             312.356          -2.600e+01              36.829           3.612e+01     
 100.000           0.000           -2.567e+01          -5.657e+01              12.619          -2.567e+01              28.548           4.000e+01     
 101.000           0.000           -2.561e+01          -5.183e+01              26.257          -2.562e+01              21.126           4.000e+01     
 102.000           0.000           -2.585e+01          -4.906e+01              30.827          -2.587e+01              14.135           3.406e+01     
 103.000           0.000           -2.640e+01          -4.738e+01              32.794          -2.644e+01               7.210           2.830e+01     
 104.000           0.000           -2.729e+01          -4.644e+01              33.711          -2.735e+01             359.961           2.427e+01     
 105.000           0.000           -2.860e+01          -4.608e+01              34.133          -2.867e+01             351.840           2.093e+01     
 106.000           0.000           -3.040e+01          -4.624e+01              34.324          -3.052e+01             341.840           1.783e+01     
 107.000           0.000           -3.285e+01          -4.694e+01              34.451          -3.302e+01             327.712           1.472e+01     
 108.000           0.000           -3.586e+01          -4.826e+01              34.674          -3.612e+01             303.821           1.214e+01     
 109.000           0.000           -3.784e+01          -5.041e+01              35.263          -3.809e+01             262.130           1.530e+01     
 110.000           0.000           -3.615e+01          -5.397e+01              36.985          -3.622e+01             220.314           4.000e+01     
 111.000           0.000           -3.322e+01          -6.095e+01              44.406          -3.322e+01             196.019           3.419e+01     
 112.000           0.000           -3.082e+01          -6.875e+01             173.116          -3.082e+01             181.172           4.000e+01     
 113.000           0.000           -2.906e+01          -5.679e+01             200.733          -2.907e+01             170.106           3.359e+01     
 114.000           0.000           -2.780e+01          -5.207e+01             203.941          -2.781e+01             160.513           2.753e+01     
 115.000           0.000           -2.691e+01          -4.937e+01             204.854          -2.693e+01             151.319           2.435e+01     
 116.000           0.000           -2.630e+01          -4.770e+01             205.094          -2.633e+01             141.909           2.237e+01     
 117.000           0.000           -2.590e+01          -4.672e+01             205.065          -2.594e+01             131.885           2.117e+01     
 118.000           0.000           -2.562e+01          -4.626e+01             204.929          -2.566e+01             120.994           2.065e+01     
 119.000           0.000           -2.537e+01          -4.627e+01             204.793          -2.540e+01             109.176           2.091e+01     
 120.000           0.000           -2.506e+01          -4.673e+01             204.763          -2.509e+01              96.620           2.209e+01     
 121.000           0.000           -2.463e+01          -4.769e+01             205.007          -2.465e+01              83.781           2.441e+01     
 122.000           0.000           -2.406e+01          -4.927e+01             205.859          -2.407e+01              71.250           2.816e+01     
 123.000           0.000           -2.339e+01          -5.170e+01             208.162          -2.339e+01              59.519           3.399e+01     
 124.000           0.000           -2.266e+01          -5.559e+01             214.777          -2.267e+01              48.886           4.000e+01     
 125.000           0.000           -2.195e+01          -6.222e+01             242.372          -2.195e+01              39.403           4.000e+01     
 126.000           0.000           -2.130e+01          -6.172e+01             325.654          -2.130e+01              30.969           4.000e+01     
 127.000           0.000           -2.075e+01          -5.528e+01             350.291          -2.075e+01              23.416           3.978e+01     
 128.000           0.000           -2.032e+01          -5.149e+01             356.210          -2.032e+01              16.567           4.000e+01     
 129.000           0.000           -2.001e+01          -4.908e+01             358.071          -2.002e+01              10.256           4.000e+01     
 130.000           0.000           -1.985e+01          -4.747e+01             358.526          -1.986e+01               4.340           4.000e+01     
 131.000           0.000           -1.984e+01          -4.640e+01             358.411          -1.985e+01             358.694           4.000e+01     
 132.000           0.000           -1.999e+01          -4.575e+01             358.110          -2.001e+01             353.204           4.000e+01     
 133.000           0.000           -2.033e+01          -4.545e+01             357.862          -2.034e+01             347.756           4.000e+01     
 134.000           0.000           -2.087e+01          -4.548e+01             357.875          -2.089e+01             342.224           3.599e+01     
 135.000           0.000           -2.167e+01          -4.580e+01             358.369          -2.168e+01             336.424           3.270e+01     
 136.000           0.000           -2.278e+01          -4.643e+01             359.644          -2.279e+01             330.123           2.981e+01     
 137.000           0.000           -2.430e+01          -4.738e+01               2.137          -2.432e+01             322.824           2.705e+01     
 138.000           0.000           -2.643e+01          -4.865e+01               6.562          -2.646e+01             313.456           2.416e+01     
 139.000           0.000           -2.946e+01          -5.021e+01              14.102          -2.950e+01             299.044           2.102e+01     
 140.000           0.000           -3.351e+01          -5.189e+01              26.485          -3.358e+01             269.331           1.935e+01     
 141.000           0.000           -3.450e+01          -5.314e+01              44.857          -3.456e+01             210.570           3.085e+01     
 142.000           0.000           -3.016e+01          -5.328e+01              66.225          -3.018e+01             170.990           2.339e+01     
 143.000           0.000           -2.633e+01          -5.234e+01              84.162          -2.634e+01             153.019           2.660e+01     
 144.000           0.000           -2.352e+01          -5.104e+01              96.144          -2.353e+01             141.918           3.041e+01     
 145.000           0.000           -2.138e+01          -4.987e+01             103.464          -2.139e+01             133.316           3.455e+01     
 146.000           0.000           -1.970e+01          -4.900e+01             107.787          -1.970e+01             125.786           3.951e+01     
 147.000           0.000           -1.834e+01          -4.844e+01             110.201          -1.834e+01             118.694           4.000e+01     
 148.000           0.000           -1.722e+01          -4.817e+01             111.336          -1.722e+01             111.763           4.000e+01     
 149.000           0.000           -1.628e+01          -4.818e+01             111.551          -1.628e+01             104.835           4.000e+01     
 150.000           0.000           -1.549e+01          -4.845e+01             111.055          -1.549e+01              97.821           4.000e+01     
 151.000           0.000           -1.480e+01          -4.898e+01             109.974          -1.480e+01              90.671           4.000e+01     
 152.000           0.000           -1.420e+01          -4.976e+01             108.392          -1.420e+01              83.361           4.000e+01     
 153.000           0.000           -1.366e+01          -5.081e+01             106.384          -1.366e+01              75.888           4.000e+01     
 154.000           0.000           -1.316e+01          -5.215e+01             104.047          -1.316e+01              68.265           4.000e+01     
 155.000           0.000           -1.270e+01          -5.386e+01             101.546          -1.270e+01              60.513           4.000e+01     
 156.000           0.000           -1.224e+01          -5.604e+01              99.218          -1.224e+01              52.682           4.000e+01     
 157.000           0.000           -1.179e+01          -5.895e+01              97.887          -1.179e+01              44.822           4.000e+01     
 158.000           0.000           -1.133e+01          -6.319e+01             100.281          -1.133e+01              36.996           4.000e+01     
 159.000           0.000           -1.086e+01          -7.020e+01             122.383          -1.086e+01              29.272           4.000e+01     
 160.000           0.000           -1.038e+01          -7.014e+01             205.019          -1.038e+01              21.720           4.000e+01     
 161.000           0.000           -9.882e+00          -6.340e+01             225.961          -9.882e+00              14.402           4.000e+01     
 162.000           0.000           -9.377e+00          -5.941e+01             227.709          -9.377e+00               7.378           4.000e+01     
 163.000           0.000           -8.866e+00          -5.671e+01             225.571          -8.866e+00               0.692           4.000e+01     
 164.000           0.000           -8.356e+00          -5.472e+01             222.194          -8.356e+00             354.381           4.000e+01     
 165.000           0.000           -7.851e+00          -5.319e+01             218.361          -7.851e+00             348.465           4.000e+01     
 166.000           0.000           -7.357e+00          -5.200e+01             214.398          -7.358e+00             342.960           4.000e+01     
 167.000           0.000           -6.881e+00          -5.107e+01             210.449          -6.881e+00             337.871           4.000e+01     
 168.000           0.000           -6.427e+00          -5.037e+01             206.579          -6.427e+00             333.197           4.000e+01     
 169.000           0.000           -5.998e+00          -4.987e+01             202.813          -5.998e+00             328.935           4.000e+01     
 170.000           0.000           -5.599e+00          -4.957e+01             199.154          -5.599e+00             325.076           4.000e+01     
 171.000           0.000           -5.232e+00          -4.946e+01             195.592          -5.232e+00             321.614           4.000e+01     
 172.000           0.000           -4.900e+00          -4.953e+01             192.103          -4.900e+00             318.538           4.000e+01     
 173.000           0.000           -4.604e+00          -4.981e+01             188.646          -4.604e+00             315.842           4.000e+01     
 174.000           0.000           -4.346e+00          -5.031e+01             185.164          -4.346e+00             313.519           4.000e+01     
 175.000           0.000           -4.126e+00          -5.105e+01             181.555          -4.126e+00             311.563           4.000e+01     
 176.000           0.000           -3.946e+00          -5.209e+01             177.648          -3.946e+00             309.969           4.000e+01     
 177.000           0.000           -3.805e+00          -5.350e+01             173.116          -3.805e+00             308.733           4.000e+01     
 178.000           0.000           -3.705e+00          -5.540e+01             167.265          -3.705e+00             307.853           4.000e+01     
 179.000           0.000           -3.644e+00          -5.801e+01             158.375          -3.644e+00             307.327           4.000e+01     
 180.000           0.000           -3.625e+00          -6.158e+01             141.285          -3.625e+00             307.153           4.000e+01     
 179.000         180.000           -3.645e+00          -6.499e+01             281.787          -3.645e+00             127.334           4.000e+01     
 178.000         180.000           -3.706e+00          -6.311e+01             232.634          -3.706e+00             127.867           4.000e+01     
 177.000         180.000           -3.807e+00          -5.920e+01             209.539          -3.807e+00             128.755           4.000e+01     
 176.000         180.000           -3.947e+00          -5.620e+01             199.262          -3.947e+00             129.999           4.000e+01     
 175.000         180.000           -4.127e+00          -5.401e+01             193.677          -4.127e+00             131.602           4.000e+01     
 174.000         180.000           -4.345e+00          -5.237e+01             190.199          -4.345e+00             133.566           4.000e+01     
 173.000         180.000           -4.601e+00          -5.113e+01             187.842          -4.601e+00             135.897           4.000e+01     
 172.000         180.000           -4.894e+00          -5.019e+01             186.147          -4.894e+00             138.599           4.000e+01     
 171.000         180.000           -5.222e+00          -4.949e+01             184.862          -5.222e+00             141.680           4.000e+01     
 170.000         180.000           -5.584e+00          -4.899e+01             183.823          -5.584e+00             145.143           4.000e+01     
 169.000         180.000           -5.977e+00          -4.866e+01             182.911          -5.977e+00             148.998           4.000e+01     
 168.000         180.000           -6.398e+00          -4.848e+01             182.020          -6.399e+00             153.251           4.000e+01     
 167.000         180.000           -6.845e+00          -4.842e+01             181.053          -6.846e+00             157.906           4.000e+01     
 166.000         180.000           -7.314e+00          -4.849e+01             179.906          -7.314e+00             162.968           4.000e+01     
 165.000         180.000           -7.800e+00          -4.865e+01             178.466          -7.800e+00             168.434           4.000e+01     
 164.000         180.000           -8.297e+00          -4.890e+01             176.607          -8.298e+00             174.298           4.000e+01     
 163.000         180.000           -8.802e+00          -4.923e+01             174.184          -8.802e+00             180.545           4.000e+01     
 162.000         180.000           -9.308e+00          -4.960e+01             171.054          -9.309e+00             187.157           4.000e+01     
 161.000         180.000           -9.811e+00          -4.998e+01             167.069          -9.812e+00             194.099           4.000e+01     
 160.000         180.000           -1.031e+01          -5.034e+01             162.128          -1.031e+01             201.326           4.000e+01     
 159.000         180.000           -1.079e+01          -5.061e+01             156.229          -1.079e+01             208.787           4.000e+01     
 158.000         180.000           -1.127e+01          -5.073e+01             149.540          -1.127e+01             216.418           4.000e+01     
 157.000         180.000           -1.173e+01          -5.067e+01             142.416          -1.173e+01             224.155           3.902e+01     
 156.000         180.000           -1.220e+01          -5.040e+01             135.340          -1.220e+01             231.931           3.826e+01     
 155.000         180.000           -1.267e+01          -4.995e+01             128.781          -1.267e+01             239.685           3.788e+01     
 154.000         180.000           -1.315e+01          -4.939e+01             123.056          -1.315e+01             247.365           3.790e+01     
 153.000         180.000           -1.366e+01          -4.876e+01             118.288          -1.366e+01             254.923           3.836e+01     
 152.000         180.000           -1.422e+01          -4.813e+01             114.445          -1.422e+01             262.335           3.940e+01     
 151.000         180.000           -1.483e+01          -4.755e+01             111.405          -1.484e+01             269.585           4.000e+01     
 150.000         180.000           -1.554e+01          -4.705e+01             109.013          -1.554e+01             276.676           4.000e+01     
 149.000         180.000           -1.635e+01          -4.666e+01             107.106          -1.635e+01             283.627           4.000e+01     
 148.000         180.000           -1.730e+01          -4.641e+01             105.528          -1.731e+01             290.481           4.000e+01     
 147.000         180.000           -1.844e+01          -4.631e+01             104.125          -1.844e+01             297.321           4.000e+01     
 146.000         180.000           -1.981e+01          -4.639e+01             102.736          -1.982e+01             304.291           3.528e+01     
 145.000         180.000           -2.151e+01          -4.667e+01             101.177          -2.152e+01             311.643           3.106e+01     
 144.000         180.000           -2.366e+01          -4.717e+01              99.214          -2.368e+01             319.964           2.722e+01     
 143.000         180.000           -2.651e+01          -4.794e+01              96.503          -2.654e+01             330.584           2.325e+01     
 142.000         180.000           -3.044e+01          -4.899e+01              92.501          -3.050e+01             347.712           1.879e+01     
 141.000         180.000           -3.520e+01          -5.034e+01              86.305          -3.533e+01              27.271           1.642e+01     
 140.000         180.000           -3.427e+01          -5.193e+01              76.423          -3.435e+01              90.320           3.011e+01     
 139.000         180.000           -2.992e+01          -5.345e+01              60.958          -2.994e+01             120.301           2.484e+01     
 138.000         180.000           -2.677e+01          -5.422e+01              39.952          -2.678e+01             134.278           2.747e+01     
 137.000         180.000           -2.459e+01          -5.369e+01              18.857          -2.459e+01             143.318           3.077e+01     
 136.000         180.000           -2.303e+01          -5.236e+01               3.366          -2.303e+01             150.377           3.461e+01     
 135.000         180.000           -2.190e+01          -5.097e+01             353.748          -2.190e+01             156.489           3.963e+01     
 134.000         180.000           -2.109e+01          -4.985e+01             348.121          -2.109e+01             162.126           4.000e+01     
 133.000         180.000           -2.053e+01          -4.909e+01             344.965          -2.053e+01             167.511           4.000e+01     
 132.000         180.000           -2.018e+01          -4.870e+01             343.356          -2.018e+01             172.819           4.000e+01     
 131.000         180.000           -2.001e+01          -4.869e+01             342.747          -2.002e+01             178.175           4.000e+01     
 130.000         180.000           -2.001e+01          -4.909e+01             342.803          -2.002e+01             183.692           3.804e+01     
 129.000         180.000           -2.016e+01          -4.996e+01             343.299          -2.017e+01             189.485           3.690e+01     
 128.000         180.000           -2.046e+01          -5.142e+01             344.062          -2.047e+01             195.682           3.657e+01     
 127.000         180.000           -2.089e+01          -5.376e+01             344.916          -2.090e+01             202.429           3.717e+01     
 126.000         180.000           -2.145e+01          -5.772e+01             345.510          -2.145e+01             209.897           3.938e+01     
 125.000         180.000           -2.210e+01          -6.665e+01             343.421          -2.210e+01             218.269           4.000e+01     
 124.000         180.000           -2.282e+01          -6.747e+01             176.334          -2.282e+01             227.724           4.000e+01     
 123.000         180.000           -2.356e+01          -5.764e+01             173.772          -2.356e+01             238.366           3.497e+01     
 122.000         180.000           -2.424e+01          -5.329e+01             174.517          -2.424e+01             250.144           2.933e+01     
 121.000         180.000           -2.481e+01          -5.065e+01             175.702          -2.482e+01             262.748           2.584e+01     
 120.000         180.000           -2.523e+01          -4.893e+01             177.017          -2.525e+01             275.661           2.378e+01     
 119.000         180.000           -2.553e+01          -4.785e+01             178.377          -2.556e+01             288.262           2.283e+01     
 118.000         180.000           -2.577e+01          -4.728e+01             179.752          -2.580e+01             300.084           2.277e+01     
 117.000         180.000           -2.604e+01          -4.717e+01             181.142          -2.607e+01             310.931           2.342e+01     
 116.000         180.000           -2.643e+01          -4.754e+01             182.568          -2.647e+01             320.871           2.465e+01     
 115.000         180.000           -2.704e+01          -4.846e+01             184.081          -2.707e+01             330.156           2.649e+01     
 114.000         180.000           -2.795e+01          -5.007e+01             185.813          -2.797e+01             339.181           2.911e+01     
 113.000         180.000           -2.925e+01          -5.276e+01             188.139          -2.927e+01             348.547           3.302e+01     
 112.000         180.000           -3.109e+01          -5.760e+01             192.699          -3.110e+01             359.318           3.923e+01     
 111.000         180.000           -3.365e+01          -7.083e+01             227.231          -3.365e+01              13.871           4.000e+01     
 110.000         180.000           -3.695e+01          -6.053e+01             354.127          -3.697e+01              38.605           2.668e+01     
 109.000         180.000           -3.890e+01          -5.380e+01               1.193          -3.905e+01              84.191           1.482e+01     
 108.000         180.000           -3.641e+01          -5.026e+01               3.524          -3.659e+01             128.070           1.548e+01     
 107.000         180.000           -3.307e+01          -4.806e+01               4.682          -3.321e+01             151.174           2.021e+01     
 106.000         180.000           -3.052e+01          -4.666e+01               5.236          -3.063e+01             164.552           2.526e+01     
 105.000         180.000           -2.868e+01          -4.585e+01               5.307          -2.876e+01             174.081           3.146e+01     
 104.000         180.000           -2.737e+01          -4.552e+01               4.862          -2.744e+01             181.911           4.000e+01     
 103.000         180.000           -2.649e+01          -4.563e+01               3.761          -2.654e+01             188.977           4.000e+01     
 102.000         180.000           -2.595e+01          -4.619e+01               1.718          -2.600e+01             195.790           3.255e+01     
 101.000         180.000           -2.574e+01          -4.722e+01             358.189          -2.577e+01             202.723           2.913e+01     
 100.000         180.000           -2.582e+01          -4.877e+01             352.079          -2.584e+01             210.136           2.716e+01     
  99.000         180.000           -2.619e+01          -5.088e+01             341.050          -2.621e+01             218.468           2.616e+01     
  98.000         180.000           -2.684e+01          -5.317e+01             320.599          -2.685e+01             228.334           2.633e+01     
  97.000         180.000           -2.772e+01          -5.410e+01             288.837          -2.773e+01             240.655           2.893e+01     
  96.000         180.000           -2.867e+01          -5.256e+01             259.750          -2.869e+01             256.641           4.000e+01     
  95.000         180.000           -2.936e+01          -5.029e+01             242.350          -2.940e+01             277.139           2.581e+01     
  94.000         180.000           -2.928e+01          -4.839e+01             232.438          -2.933e+01             300.687           1.971e+01     
  93.000         180.000           -2.830e+01          -4.704e+01             226.183          -2.836e+01             323.005           1.875e+01     
  92.000         180.000           -2.682e+01          -4.619e+01             221.707          -2.687e+01             341.218           2.055e+01     
  91.000         180.000           -2.528e+01          -4.577e+01             218.080          -2.532e+01             355.275           2.385e+01     
  90.000         180.000           -2.390e+01          -4.577e+01             214.763          -2.393e+01               6.383           2.834e+01     
  89.000         180.000           -2.275e+01          -4.618e+01             211.354          -2.277e+01              15.616           3.479e+01     
  88.000         180.000           -2.182e+01          -4.705e+01             207.435          -2.184e+01              23.736           4.000e+01     
  87.000         180.000           -2.112e+01          -4.845e+01             202.359          -2.113e+01              31.242           4.000e+01     
  86.000         180.000           -2.062e+01          -5.055e+01             194.782          -2.063e+01              38.505           3.783e+01     
  85.000         180.000           -2.031e+01          -5.358e+01             181.069          -2.031e+01              45.771           3.633e+01     
  84.000         180.000           -2.015e+01          -5.722e+01             150.334          -2.015e+01              53.290           3.713e+01     
  83.000         180.000           -2.014e+01          -5.717e+01              99.014          -2.014e+01              61.274           4.000e+01     
  82.000         180.000           -2.024e+01          -5.338e+01              67.987          -2.024e+01              69.921           4.000e+01     
  81.000         180.000           -2.041e+01          -5.017e+01              54.027          -2.041e+01              79.402           3.712e+01     
  80.000         180.000           -2.061e+01          -4.788e+01              46.186          -2.062e+01              89.827           3.050e+01     
  79.000         180.000           -2.077e+01          -4.628e+01              40.824          -2.078e+01             101.185           2.672e+01     
  78.000         180.000           -2.084e+01          -4.517e+01              36.618          -2.085e+01             113.281           2.456e+01     
  77.000         180.000           -2.076e+01          -4.448e+01              32.977          -2.078e+01             125.728           2.371e+01     
  76.000         180.000           -2.053e+01          -4.414e+01              29.578          -2.055e+01             138.031           2.406e+01     
  75.000         180.000           -2.017e+01          -4.414e+01              26.188          -2.019e+01             149.733           2.555e+01     
  74.000         180.000           -1.973e+01          -4.448e+01              22.590          -1.975e+01             160.540           2.823e+01     
  73.000         180.000           -1.926e+01          -4.517e+01              18.506          -1.927e+01             170.346           3.244e+01     
  72.000         180.000           -1.880e+01          -4.627e+01              13.512          -1.880e+01             179.184           3.961e+01     
  71.000         180.000           -1.837e+01          -4.784e+01               6.815          -1.837e+01             187.158           4.000e+01     
  70.000         180.000           -1.800e+01          -5.000e+01             356.727          -1.800e+01             194.397           4.000e+01     
  69.000         180.000           -1.768e+01          -5.276e+01             339.273          -1.768e+01             201.029           3.861e+01     
  68.000         180.000           -1.742e+01          -5.516e+01             307.318          -1.742e+01             207.167           3.787e+01     
  67.000         180.000           -1.722e+01          -5.456e+01             267.354          -1.722e+01             212.912           3.913e+01     
  66.000         180.000           -1.705e+01          -5.186e+01             240.963          -1.705e+01             218.351           4.000e+01     
  65.000         180.000           -1.690e+01          -4.936e+01             226.099          -1.690e+01             223.569           4.000e+01     
  64.000         180.000           -1.676e+01          -4.743e+01             216.400          -1.677e+01             228.644           4.000e+01     
  63.000         180.000           -1.661e+01          -4.598e+01             208.976          -1.661e+01             233.653           3.696e+01     
  62.000         180.000           -1.642e+01          -4.488e+01             202.608          -1.643e+01             238.663           3.307e+01     
  61.000         180.000           -1.618e+01          -4.403e+01             196.761          -1.618e+01             243.732           3.057e+01     
  60.000         180.000           -1.586e+01          -4.336e+01             191.220          -1.587e+01             248.895           2.896e+01     
  59.000         180.000           -1.545e+01          -4.280e+01             185.951          -1.546e+01             254.162           2.799e+01     
  58.000         180.000           -1.494e+01          -4.233e+01             181.025          -1.495e+01             259.520           2.756e+01     
  57.000         180.000           -1.433e+01          -4.191e+01             176.573          -1.434e+01             264.921           2.758e+01     
  56.000         180.000           -1.363e+01          -4.156e+01             172.725          -1.364e+01             270.315           2.799e+01     
  55.000         180.000           -1.286e+01          -4.125e+01             169.588          -1.287e+01             275.650           2.873e+01     
  54.000         180.000           -1.203e+01          -4.101e+01             167.228          -1.203e+01             280.888           2.975e+01     
  53.000         180.000           -1.116e+01          -4.085e+01             165.657          -1.116e+01             286.007           3.097e+01     
  52.000         180.000           -1.027e+01          -4.078e+01             164.847          -1.028e+01             291.003           3.236e+01     
  51.000         180.000           -9.383e+00          -4.079e+01             164.738          -9.386e+00             295.883           3.387e+01     
  50.000         180.000           -8.507e+00          -4.091e+01             165.244          -8.509e+00             300.663           3.548e+01     
  49.000         180.000           -7.653e+00          -4.115e+01             166.262          -7.655e+00             305.359           3.717e+01     
  48.000         180.000           -6.829e+00          -4.149e+01             167.673          -6.830e+00             309.983           3.894e+01     
  47.000         180.000           -6.038e+00          -4.197e+01             169.345          -6.039e+00             314.544           4.000e+01     
  46.000         180.000           -5.283e+00          -4.259e+01             171.135          -5.284e+00             319.044           4.000e+01     
  45.000         180.000           -4.566e+00          -4.337e+01             172.878          -4.567e+00             323.486           4.000e+01     
  44.000         180.000           -3.886e+00          -4.434e+01             174.365          -3.886e+00             327.843           4.000e+01     
  43.000         180.000           -3.242e+00          -4.555e+01             175.318          -3.242e+00             332.104           4.000e+01     
  42.000         180.000           -2.632e+00          -4.703e+01             175.298          -2.632e+00             336.248           4.000e+01     
  41.000         180.000           -2.054e+00          -4.885e+01             173.523          -2.054e+00             340.250           4.000e+01     
  40.000         180.000           -1.507e+00          -5.107e+01             168.458          -1.507e+00             344.084           4.000e+01     
  39.000         180.000           -9.870e-01          -5.357e+01             157.050          -9.871e-01             347.722           4.000e+01     
  38.000         180.000           -4.908e-01          -5.557e+01             135.423          -4.908e-01             351.137           4.000e+01     
  37.000         180.000           -1.383e-02          -5.546e+01             108.560          -1.385e-02             354.302           4.000e+01     
  36.000         180.000            4.488e-01          -5.361e+01              90.074           4.488e-01             357.196           4.000e+01     
  35.000         180.000            9.029e-01          -5.157e+01              81.268           9.029e-01             359.799           4.000e+01     
  34.000         180.000            1.354e+00          -4.986e+01              78.028           1.354e+00               2.095           4.000e+01     
  33.000         180.000            1.811e+00          -4.851e+01              77.753           1.811e+00               4.084           4.000e+01     
  32.000         180.000            2.279e+00          -4.747e+01              79.133           2.279e+00               5.770           4.000e+01     
  31.000         180.000            2.766e+00          -4.668e+01              81.468           2.766e+00               7.171           4.000e+01     
  30.000         180.000            3.277e+00          -4.610e+01              84.346           3.276e+00               8.315           4.000e+01     
  29.000         180.000            3.815e+00          -4.569e+01              87.493           3.815e+00               9.243           4.000e+01     
  28.000         180.000            4.383e+00          -4.545e+01              90.719           4.383e+00              10.000           4.000e+01     
  27.000         180.000            4.981e+00          -4.539e+01              93.879           4.981e+00              10.640           4.000e+01     
  26.000         180.000            5.606e+00          -4.549e+01              96.866           5.606e+00              11.211           4.000e+01     
  25.000         180.000            6.256e+00          -4.579e+01              99.595           6.256e+00              11.759           4.000e+01     
  24.000         180.000            6.922e+00          -4.630e+01             101.979           6.922e+00              12.326           4.000e+01     
  23.000         180.000            7.600e+00          -4.707e+01             103.929           7.600e+00              12.937           4.000e+01     
  22.000         180.000            8.283e+00          -4.815e+01             105.307           8.283e+00              13.611           4.000e+01     
  21.000         180.000            8.963e+00          -4.963e+01             105.859           8.963e+00              14.359           4.000e+01     
  20.000         180.000            9.635e+00          -5.166e+01             105.030           9.635e+00              15.179           4.000e+01     
  19.000         180.000            1.029e+01          -5.452e+01             101.335           1.029e+01              16.068           4.000e+01     
  18.000         180.000            1.093e+01          -5.877e+01              89.549           1.093e+01              17.016           4.000e+01     
  17.000         180.000            1.155e+01          -6.375e+01              47.454           1.155e+01              18.009           4.000e+01     
  16.000         180.000            1.214e+01          -6.077e+01             350.023           1.214e+01              19.035           4.000e+01     
  15.000         180.000            1.270e+01          -5.613e+01             331.698           1.270e+01              20.077           4.000e+01     
  14.000         180.000            1.323e+01          -5.306e+01             325.756           1.323e+01              21.121           4.000e+01     
  13.000         180.000            1.373e+01          -5.099e+01             323.524           1.373e+01              22.152           4.000e+01     
  12.000         180.000            1.420e+01          -4.956e+01             322.803           1.420e+01              23.157           4.000e+01     
  11.000         180.000            1.463e+01          -4.859e+01             322.835           1.463e+01              24.125           4.000e+01     
  10.000         180.000            1.502e+01          -4.797e+01             323.299           1.502e+01              25.043           4.000e+01     
   9.000         180.000            1.538e+01          -4.767e+01             324.045           1.538e+01              25.901           4.000e+01     
   8.000         180.000            1.570e+01          -4.764e+01             325.006           1.570e+01              26.691           4.000e+01     
   7.000         180.000            1.599e+01          -4.788e+01             326.155           1.599e+01              27.406           4.000e+01     
   6.000         180.000            1.623e+01          -4.841e+01             327.512           1.623e+01              28.038           4.000e+01     
   5.000         180.000            1.644e+01          -4.925e+01             329.144           1.644e+01              28.582           4.000e+01     
   4.000         180.000            1.661e+01          -5.046e+01             331.205           1.661e+01              29.033           4.000e+01     
   3.000         180.000            1.674e+01          -5.218e+01             334.037           1.674e+01              29.387           4.000e+01     
   2.000         180.000            1.684e+01          -5.463e+01             338.510           1.684e+01              29.642           4.000e+01     
   1.000         180.000            1.690e+01          -5.831e+01             347.449           1.690e+01              29.795           4.000e+01     
