Theta [deg.]  Phi   [deg.]  Abs(Dir.)[dBi   ]   Abs(Theta)[dBi   ]  Phase(Theta)[deg.]  Abs(Phi  )[dBi   ]  Phase(Phi  )[deg.]  Ax.Ratio[dB    ]    
------------------------------------------------------------------------------------------------------------------------------------------------------
   0.000          90.000            1.692e+01           1.692e+01             209.846          -6.409e+01              14.813           4.000e+01     
   1.000          90.000            1.689e+01           1.689e+01             209.825          -6.178e+01               2.208           4.000e+01     
   2.000          90.000            1.681e+01           1.681e+01             209.758          -5.981e+01             354.512           4.000e+01     
   3.000          90.000            1.669e+01           1.669e+01             209.652          -5.819e+01             349.364           4.000e+01     
   4.000          90.000            1.651e+01           1.651e+01             209.513          -5.689e+01             345.589           4.000e+01     
   5.000          90.000            1.629e+01           1.629e+01             209.352          -5.585e+01             342.577           4.000e+01     
   6.000          90.000            1.601e+01           1.601e+01             209.182          -5.503e+01             339.988           4.000e+01     
   7.000          90.000            1.568e+01           1.568e+01             209.023          -5.441e+01             337.613           4.000e+01     
   8.000          90.000            1.531e+01           1.531e+01             208.897          -5.397e+01             335.313           4.000e+01     
   9.000          90.000            1.488e+01           1.488e+01             208.832          -5.369e+01             332.983           4.000e+01     
  10.000          90.000            1.441e+01           1.441e+01             208.860          -5.357e+01             330.545           4.000e+01     
  11.000          90.000            1.390e+01           1.390e+01             209.023          -5.360e+01             327.928           4.000e+01     
  12.000          90.000            1.334e+01           1.334e+01             209.364          -5.377e+01             325.066           4.000e+01     
  13.000          90.000            1.274e+01           1.274e+01             209.934          -5.410e+01             321.896           4.000e+01     
  14.000          90.000            1.212e+01           1.212e+01             210.786          -5.457e+01             318.353           4.000e+01     
  15.000          90.000            1.148e+01           1.148e+01             211.972          -5.518e+01             314.368           4.000e+01     
  16.000          90.000            1.085e+01           1.085e+01             213.531          -5.595e+01             309.870           4.000e+01     
  17.000          90.000            1.022e+01           1.022e+01             215.483          -5.687e+01             304.777           4.000e+01     
  18.000          90.000            9.645e+00           9.645e+00             217.810          -5.795e+01             298.999           4.000e+01     
  19.000          90.000            9.130e+00           9.130e+00             220.437          -5.921e+01             292.420           4.000e+01     
  20.000          90.000            8.702e+00           8.702e+00             223.232          -6.068e+01             284.876           4.000e+01     
  21.000          90.000            8.374e+00           8.374e+00             226.009          -6.239e+01             276.092           4.000e+01     
  22.000          90.000            8.149e+00           8.149e+00             228.557          -6.443e+01             265.534           4.000e+01     
  23.000          90.000            8.019e+00           8.019e+00             230.672          -6.688e+01             252.024           4.000e+01     
  24.000          90.000            7.965e+00           7.965e+00             232.195          -6.984e+01             232.690           4.000e+01     
  25.000          90.000            7.965e+00           7.965e+00             233.027          -7.288e+01             201.068           4.000e+01     
  26.000          90.000            7.994e+00           7.994e+00             233.130          -7.363e+01             155.597           4.000e+01     
  27.000          90.000            8.032e+00           8.032e+00             232.507          -7.129e+01             118.684           4.000e+01     
  28.000          90.000            8.061e+00           8.061e+00             231.199          -6.857e+01              96.096           4.000e+01     
  29.000          90.000            8.067e+00           8.067e+00             229.261          -6.637e+01              80.566           4.000e+01     
  30.000          90.000            8.041e+00           8.041e+00             226.756          -6.466e+01              68.195           4.000e+01     
  31.000          90.000            7.976e+00           7.976e+00             223.746          -6.333e+01              57.329           4.000e+01     
  32.000          90.000            7.866e+00           7.866e+00             220.293          -6.229e+01              47.183           4.000e+01     
  33.000          90.000            7.707e+00           7.707e+00             216.453          -6.148e+01              37.334           4.000e+01     
  34.000          90.000            7.497e+00           7.497e+00             212.281          -6.085e+01              27.529           4.000e+01     
  35.000          90.000            7.233e+00           7.233e+00             207.826          -6.036e+01              17.611           4.000e+01     
  36.000          90.000            6.913e+00           6.913e+00             203.136          -5.998e+01               7.480           4.000e+01     
  37.000          90.000            6.533e+00           6.533e+00             198.256          -5.968e+01             357.095           4.000e+01     
  38.000          90.000            6.091e+00           6.091e+00             193.233          -5.944e+01             346.459           4.000e+01     
  39.000          90.000            5.585e+00           5.585e+00             188.113          -5.924e+01             335.623           4.000e+01     
  40.000          90.000            5.009e+00           5.009e+00             182.945          -5.905e+01             324.676           4.000e+01     
  41.000          90.000            4.359e+00           4.359e+00             177.786          -5.888e+01             313.736           4.000e+01     
  42.000          90.000            3.631e+00           3.631e+00             172.697          -5.873e+01             302.929           4.000e+01     
  43.000          90.000            2.819e+00           2.819e+00             167.756          -5.860e+01             292.356           4.000e+01     
  44.000          90.000            1.919e+00           1.919e+00             163.058          -5.852e+01             282.073           4.000e+01     
  45.000          90.000            9.256e-01           9.256e-01             158.730          -5.851e+01             272.071           4.000e+01     
  46.000          90.000           -1.616e-01          -1.617e-01             154.936          -5.860e+01             262.261           4.000e+01     
  47.000          90.000           -1.336e+00          -1.336e+00             151.913          -5.880e+01             252.477           4.000e+01     
  48.000          90.000           -2.577e+00          -2.577e+00             149.950          -5.911e+01             242.468           4.000e+01     
  49.000          90.000           -3.839e+00          -3.839e+00             149.395          -5.954e+01             231.909           4.000e+01     
  50.000          90.000           -5.030e+00          -5.030e+00             150.560          -6.004e+01             220.442           4.000e+01     
  51.000          90.000           -6.009e+00          -6.009e+00             153.479          -6.054e+01             207.780           4.000e+01     
  52.000          90.000           -6.615e+00          -6.615e+00             157.564          -6.092e+01             193.924           4.000e+01     
  53.000          90.000           -6.758e+00          -6.758e+00             161.567          -6.107e+01             179.398           4.000e+01     
  54.000          90.000           -6.485e+00          -6.485e+00             164.148          -6.092e+01             165.208           4.000e+01     
  55.000          90.000           -5.938e+00          -5.938e+00             164.567          -6.054e+01             152.362           4.000e+01     
  56.000          90.000           -5.258e+00          -5.258e+00             162.778          -6.006e+01             141.386           4.000e+01     
  57.000          90.000           -4.543e+00          -4.543e+00             159.108          -5.960e+01             132.265           4.000e+01     
  58.000          90.000           -3.846e+00          -3.846e+00             153.975          -5.925e+01             124.660           4.000e+01     
  59.000          90.000           -3.193e+00          -3.193e+00             147.765          -5.909e+01             118.126           4.000e+01     
  60.000          90.000           -2.594e+00          -2.594e+00             140.762          -5.914e+01             112.208           4.000e+01     
  61.000          90.000           -2.057e+00          -2.057e+00             133.200          -5.942e+01             106.451           4.000e+01     
  62.000          90.000           -1.587e+00          -1.587e+00             125.235          -5.997e+01             100.384           4.000e+01     
  63.000          90.000           -1.185e+00          -1.185e+00             116.972          -6.078e+01              93.466           4.000e+01     
  64.000          90.000           -8.558e-01          -8.558e-01             108.471          -6.186e+01              85.031           4.000e+01     
  65.000          90.000           -6.009e-01          -6.009e-01              99.758          -6.315e+01              74.247           4.000e+01     
  66.000          90.000           -4.211e-01          -4.211e-01              90.827          -6.454e+01              60.248           4.000e+01     
  67.000          90.000           -3.158e-01          -3.158e-01              81.654          -6.576e+01              42.724           4.000e+01     
  68.000          90.000           -2.817e-01          -2.817e-01              72.196          -6.655e+01              22.909           4.000e+01     
  69.000          90.000           -3.126e-01          -3.126e-01              62.402          -6.688e+01               3.348           4.000e+01     
  70.000          90.000           -3.990e-01          -3.990e-01              52.221          -6.704e+01             345.706           4.000e+01     
  71.000          90.000           -5.272e-01          -5.272e-01              41.605          -6.739e+01             329.628           4.000e+01     
  72.000          90.000           -6.803e-01          -6.803e-01              30.531          -6.821e+01             313.263           4.000e+01     
  73.000          90.000           -8.387e-01          -8.387e-01              19.011          -6.956e+01             293.370           4.000e+01     
  74.000          90.000           -9.827e-01          -9.827e-01               7.103          -7.104e+01             264.925           4.000e+01     
  75.000          90.000           -1.096e+00          -1.096e+00             354.910          -7.104e+01             227.189           4.000e+01     
  76.000          90.000           -1.170e+00          -1.170e+00             342.575          -6.884e+01             194.138           4.000e+01     
  77.000          90.000           -1.205e+00          -1.205e+00             330.249          -6.614e+01             172.398           4.000e+01     
  78.000          90.000           -1.212e+00          -1.212e+00             318.067          -6.388e+01             157.628           4.000e+01     
  79.000          90.000           -1.207e+00          -1.207e+00             306.112          -6.217e+01             146.261           4.000e+01     
  80.000          90.000           -1.210e+00          -1.210e+00             294.413          -6.095e+01             136.511           4.000e+01     
  81.000          90.000           -1.241e+00          -1.241e+00             282.942          -6.014e+01             127.469           4.000e+01     
  82.000          90.000           -1.315e+00          -1.315e+00             271.625          -5.968e+01             118.628           4.000e+01     
  83.000          90.000           -1.441e+00          -1.441e+00             260.354          -5.954e+01             109.677           4.000e+01     
  84.000          90.000           -1.624e+00          -1.624e+00             249.003          -5.969e+01             100.407           4.000e+01     
  85.000          90.000           -1.857e+00          -1.857e+00             237.445          -6.013e+01              90.651           4.000e+01     
  86.000          90.000           -2.132e+00          -2.132e+00             225.563          -6.086e+01              80.221           4.000e+01     
  87.000          90.000           -2.429e+00          -2.429e+00             213.268          -6.194e+01              68.791           4.000e+01     
  88.000          90.000           -2.725e+00          -2.725e+00             200.528          -6.345e+01              55.659           4.000e+01     
  89.000          90.000           -2.995e+00          -2.995e+00             187.379          -6.550e+01              39.120           4.000e+01     
  90.000          90.000           -3.217e+00          -3.217e+00             173.937          -6.807e+01              14.933           4.000e+01     
  91.000          90.000           -3.380e+00          -3.380e+00             160.371          -7.001e+01             336.153           4.000e+01     
  92.000          90.000           -3.489e+00          -3.489e+00             146.870          -6.876e+01             292.553           4.000e+01     
  93.000          90.000           -3.559e+00          -3.559e+00             133.588          -6.578e+01             264.172           4.000e+01     
  94.000          90.000           -3.616e+00          -3.616e+00             120.603          -6.315e+01             247.137           4.000e+01     
  95.000          90.000           -3.688e+00          -3.688e+00             107.907          -6.118e+01             235.498           4.000e+01     
  96.000          90.000           -3.797e+00          -3.797e+00              95.416          -5.979e+01             226.627           4.000e+01     
  97.000          90.000           -3.961e+00          -3.961e+00              82.978          -5.889e+01             219.386           4.000e+01     
  98.000          90.000           -4.183e+00          -4.183e+00              70.415          -5.843e+01             213.217           4.000e+01     
  99.000          90.000           -4.458e+00          -4.458e+00              57.536          -5.838e+01             207.832           4.000e+01     
 100.000          90.000           -4.765e+00          -4.765e+00              44.164          -5.875e+01             203.081           4.000e+01     
 101.000          90.000           -5.070e+00          -5.070e+00              30.194          -5.957e+01             198.927           4.000e+01     
 102.000          90.000           -5.331e+00          -5.331e+00              15.629          -6.089e+01             195.453           4.000e+01     
 103.000          90.000           -5.505e+00          -5.505e+00               0.636          -6.283e+01             192.973           4.000e+01     
 104.000          90.000           -5.568e+00          -5.568e+00             345.519          -6.560e+01             192.386           4.000e+01     
 105.000          90.000           -5.520e+00          -5.520e+00             330.658          -6.964e+01             196.631           4.000e+01     
 106.000          90.000           -5.394e+00          -5.394e+00             316.369          -7.539e+01             218.378           4.000e+01     
 107.000          90.000           -5.237e+00          -5.237e+00             302.830          -7.702e+01             277.496           4.000e+01     
 108.000          90.000           -5.101e+00          -5.101e+00             290.053          -7.293e+01             303.977           4.000e+01     
 109.000          90.000           -5.032e+00          -5.032e+00             277.931          -7.050e+01             307.741           4.000e+01     
 110.000          90.000           -5.063e+00          -5.063e+00             266.275          -6.960e+01             304.315           4.000e+01     
 111.000          90.000           -5.218e+00          -5.218e+00             254.851          -6.985e+01             296.392           4.000e+01     
 112.000          90.000           -5.512e+00          -5.512e+00             243.390          -7.115e+01             282.781           4.000e+01     
 113.000          90.000           -5.947e+00          -5.947e+00             231.596          -7.322e+01             258.212           4.000e+01     
 114.000          90.000           -6.518e+00          -6.518e+00             219.135          -7.409e+01             216.477           4.000e+01     
 115.000          90.000           -7.198e+00          -7.198e+00             205.638          -7.151e+01             176.640           4.000e+01     
 116.000          90.000           -7.936e+00          -7.936e+00             190.735          -6.812e+01             153.116           4.000e+01     
 117.000          90.000           -8.643e+00          -8.643e+00             174.166          -6.537e+01             138.436           4.000e+01     
 118.000          90.000           -9.197e+00          -9.197e+00             155.989          -6.329e+01             127.662           4.000e+01     
 119.000          90.000           -9.482e+00          -9.482e+00             136.782          -6.174e+01             118.854           4.000e+01     
 120.000          90.000           -9.451e+00          -9.451e+00             117.554          -6.063e+01             111.220           4.000e+01     
 121.000          90.000           -9.161e+00          -9.161e+00              99.267          -5.989e+01             104.409           4.000e+01     
 122.000          90.000           -8.728e+00          -8.728e+00              82.415          -5.948e+01              98.260           4.000e+01     
 123.000          90.000           -8.264e+00          -8.264e+00              66.994          -5.939e+01              92.692           4.000e+01     
 124.000          90.000           -7.845e+00          -7.845e+00              52.726          -5.963e+01              87.675           4.000e+01     
 125.000          90.000           -7.510e+00          -7.510e+00              39.254          -6.021e+01              83.210           4.000e+01     
 126.000          90.000           -7.272e+00          -7.272e+00              26.252          -6.117e+01              79.338           4.000e+01     
 127.000          90.000           -7.129e+00          -7.129e+00              13.444          -6.257e+01              76.163           4.000e+01     
 128.000          90.000           -7.063e+00          -7.063e+00               0.621          -6.452e+01              73.935           4.000e+01     
 129.000          90.000           -7.055e+00          -7.055e+00             347.645          -6.718e+01              73.264           4.000e+01     
 130.000          90.000           -7.077e+00          -7.077e+00             334.453          -7.088e+01              75.908           4.000e+01     
 131.000          90.000           -7.105e+00          -7.105e+00             321.068          -7.619e+01              88.453           4.000e+01     
 132.000          90.000           -7.118e+00          -7.118e+00             307.582          -8.143e+01             135.643           4.000e+01     
 133.000          90.000           -7.109e+00          -7.109e+00             294.144          -7.868e+01             183.350           4.000e+01     
 134.000          90.000           -7.079e+00          -7.079e+00             280.912          -7.584e+01             195.610           4.000e+01     
 135.000          90.000           -7.046e+00          -7.046e+00             268.010          -7.482e+01             197.150           4.000e+01     
 136.000          90.000           -7.033e+00          -7.033e+00             255.514          -7.518e+01             194.232           4.000e+01     
 137.000          90.000           -7.069e+00          -7.069e+00             243.410          -7.687e+01             187.302           4.000e+01     
 138.000          90.000           -7.180e+00          -7.180e+00             231.618          -8.020e+01             172.598           4.000e+01     
 139.000          90.000           -7.389e+00          -7.389e+00             219.989          -8.491e+01             131.913           4.000e+01     
 140.000          90.000           -7.714e+00          -7.714e+00             208.315          -8.299e+01              65.959           4.000e+01     
 141.000          90.000           -8.162e+00          -8.162e+00             196.325          -7.818e+01              37.639           4.000e+01     
 142.000          90.000           -8.732e+00          -8.732e+00             183.676          -7.497e+01              23.750           4.000e+01     
 143.000          90.000           -9.399e+00          -9.399e+00             169.951          -7.282e+01              13.707           4.000e+01     
 144.000          90.000           -1.010e+01          -1.010e+01             154.699          -7.128e+01               5.063           4.000e+01     
 145.000          90.000           -1.073e+01          -1.073e+01             137.589          -7.010e+01             357.262           4.000e+01     
 146.000          90.000           -1.112e+01          -1.112e+01             118.752          -6.913e+01             350.402           4.000e+01     
 147.000          90.000           -1.112e+01          -1.112e+01              99.095          -6.830e+01             344.767           4.000e+01     
 148.000          90.000           -1.069e+01          -1.069e+01              80.097          -6.757e+01             340.694           4.000e+01     
 149.000          90.000           -9.959e+00          -9.959e+00              62.977          -6.692e+01             338.397           4.000e+01     
 150.000          90.000           -9.085e+00          -9.085e+00              48.170          -6.633e+01             337.954           4.000e+01     
 151.000          90.000           -8.208e+00          -8.208e+00              35.511          -6.578e+01             339.276           4.000e+01     
 152.000          90.000           -7.409e+00          -7.409e+00              24.611          -6.524e+01             342.114           4.000e+01     
 153.000          90.000           -6.729e+00          -6.729e+00              15.081          -6.469e+01             346.077           4.000e+01     
 154.000          90.000           -6.186e+00          -6.186e+00               6.605          -6.411e+01             350.698           4.000e+01     
 155.000          90.000           -5.787e+00          -5.787e+00             358.938          -6.351e+01             355.524           4.000e+01     
 156.000          90.000           -5.536e+00          -5.536e+00             351.901          -6.294e+01               0.229           4.000e+01     
 157.000          90.000           -5.436e+00          -5.436e+00             345.349          -6.242e+01               4.630           4.000e+01     
 158.000          90.000           -5.491e+00          -5.491e+00             339.166          -6.199e+01               8.697           4.000e+01     
 159.000          90.000           -5.710e+00          -5.710e+00             333.244          -6.170e+01              12.498           4.000e+01     
 160.000          90.000           -6.106e+00          -6.106e+00             327.473          -6.154e+01              16.170           4.000e+01     
 161.000          90.000           -6.699e+00          -6.699e+00             321.721          -6.153e+01              19.893           4.000e+01     
 162.000          90.000           -7.518e+00          -7.518e+00             315.809          -6.168e+01              23.877           4.000e+01     
 163.000          90.000           -8.610e+00          -8.610e+00             309.455          -6.196e+01              28.359           4.000e+01     
 164.000          90.000           -1.004e+01          -1.004e+01             302.157          -6.236e+01              33.592           4.000e+01     
 165.000          90.000           -1.190e+01          -1.190e+01             292.912          -6.283e+01              39.819           4.000e+01     
 166.000          90.000           -1.428e+01          -1.428e+01             279.474          -6.332e+01              47.220           4.000e+01     
 167.000          90.000           -1.700e+01          -1.700e+01             256.742          -6.374e+01              55.802           4.000e+01     
 168.000          90.000           -1.841e+01          -1.841e+01             219.684          -6.401e+01              65.296           4.000e+01     
 169.000          90.000           -1.662e+01          -1.662e+01             183.969          -6.408e+01              75.147           4.000e+01     
 170.000          90.000           -1.375e+01          -1.375e+01             163.104          -6.393e+01              84.686           4.000e+01     
 171.000          90.000           -1.127e+01          -1.127e+01             151.370          -6.363e+01              93.394           4.000e+01     
 172.000          90.000           -9.307e+00          -9.307e+00             144.003          -6.325e+01             101.044           4.000e+01     
 173.000          90.000           -7.763e+00          -7.763e+00             138.939          -6.284e+01             107.672           4.000e+01     
 174.000          90.000           -6.544e+00          -6.544e+00             135.259          -6.247e+01             113.454           4.000e+01     
 175.000          90.000           -5.587e+00          -5.587e+00             132.511          -6.215e+01             118.613           4.000e+01     
 176.000          90.000           -4.849e+00          -4.849e+00             130.455          -6.190e+01             123.361           4.000e+01     
 177.000          90.000           -4.299e+00          -4.299e+00             128.955          -6.172e+01             127.879           4.000e+01     
 178.000          90.000           -3.920e+00          -3.920e+00             127.932          -6.161e+01             132.308           4.000e+01     
 179.000          90.000           -3.697e+00          -3.697e+00             127.339          -6.156e+01             136.751           4.000e+01     
 180.000          90.000           -3.625e+00          -3.625e+00             127.153          -6.158e+01             141.285           4.000e+01     
 179.000         270.000           -3.700e+00          -3.700e+00             307.369          -6.165e+01             325.965           4.000e+01     
 178.000         270.000           -3.926e+00          -3.926e+00             307.997          -6.178e+01             330.843           4.000e+01     
 177.000         270.000           -4.309e+00          -4.309e+00             309.064          -6.199e+01             335.984           4.000e+01     
 176.000         270.000           -4.861e+00          -4.861e+00             310.622          -6.228e+01             341.484           4.000e+01     
 175.000         270.000           -5.600e+00          -5.600e+00             312.757          -6.267e+01             347.498           4.000e+01     
 174.000         270.000           -6.555e+00          -6.555e+00             315.617          -6.318e+01             354.273           4.000e+01     
 173.000         270.000           -7.767e+00          -7.767e+00             319.458          -6.381e+01               2.187           4.000e+01     
 172.000         270.000           -9.295e+00          -9.295e+00             324.753          -6.455e+01              11.792           4.000e+01     
 171.000         270.000           -1.122e+01          -1.122e+01             332.452          -6.533e+01              23.800           4.000e+01     
 170.000         270.000           -1.361e+01          -1.361e+01             344.606          -6.598e+01              38.814           4.000e+01     
 169.000         270.000           -1.626e+01          -1.626e+01               5.578          -6.621e+01              56.561           4.000e+01     
 168.000         270.000           -1.782e+01          -1.782e+01              39.525          -6.581e+01              75.125           4.000e+01     
 167.000         270.000           -1.656e+01          -1.656e+01              74.294          -6.482e+01              91.897           4.000e+01     
 166.000         270.000           -1.407e+01          -1.407e+01              96.654          -6.355e+01             105.533           4.000e+01     
 165.000         270.000           -1.182e+01          -1.182e+01             110.335          -6.226e+01             116.182           4.000e+01     
 164.000         270.000           -1.004e+01          -1.004e+01             119.864          -6.109e+01             124.559           4.000e+01     
 163.000         270.000           -8.659e+00          -8.659e+00             127.409          -6.010e+01             131.357           4.000e+01     
 162.000         270.000           -7.604e+00          -7.604e+00             133.978          -5.932e+01             137.111           4.000e+01     
 161.000         270.000           -6.815e+00          -6.815e+00             140.087          -5.873e+01             142.211           4.000e+01     
 160.000         270.000           -6.250e+00          -6.250e+00             146.033          -5.834e+01             146.952           4.000e+01     
 159.000         270.000           -5.881e+00          -5.881e+00             152.008          -5.813e+01             151.575           4.000e+01     
 158.000         270.000           -5.687e+00          -5.687e+00             158.157          -5.807e+01             156.293           4.000e+01     
 157.000         270.000           -5.655e+00          -5.655e+00             164.600          -5.816e+01             161.308           4.000e+01     
 156.000         270.000           -5.776e+00          -5.777e+00             171.459          -5.836e+01             166.814           4.000e+01     
 155.000         270.000           -6.044e+00          -6.044e+00             178.861          -5.862e+01             172.987           4.000e+01     
 154.000         270.000           -6.451e+00          -6.451e+00             186.966          -5.890e+01             179.946           4.000e+01     
 153.000         270.000           -6.989e+00          -6.989e+00             195.961          -5.913e+01             187.695           4.000e+01     
 152.000         270.000           -7.642e+00          -7.642e+00             206.088          -5.925e+01             196.070           4.000e+01     
 151.000         270.000           -8.380e+00          -8.380e+00             217.632          -5.921e+01             204.734           4.000e+01     
 150.000         270.000           -9.148e+00          -9.148e+00             230.885          -5.900e+01             213.267           4.000e+01     
 149.000         270.000           -9.858e+00          -9.858e+00             246.036          -5.865e+01             221.315           4.000e+01     
 148.000         270.000           -1.039e+01          -1.039e+01             262.963          -5.820e+01             228.696           4.000e+01     
 147.000         270.000           -1.063e+01          -1.063e+01             281.039          -5.771e+01             235.411           4.000e+01     
 146.000         270.000           -1.054e+01          -1.054e+01             299.225          -5.724e+01             241.588           4.000e+01     
 145.000         270.000           -1.018e+01          -1.018e+01             316.550          -5.680e+01             247.407           4.000e+01     
 144.000         270.000           -9.673e+00          -9.673e+00             332.520          -5.643e+01             253.046           4.000e+01     
 143.000         270.000           -9.126e+00          -9.126e+00             347.130          -5.614e+01             258.655           4.000e+01     
 142.000         270.000           -8.620e+00          -8.620e+00               0.648          -5.593e+01             264.336           4.000e+01     
 141.000         270.000           -8.197e+00          -8.197e+00              13.425          -5.580e+01             270.143           4.000e+01     
 140.000         270.000           -7.874e+00          -7.874e+00              25.796          -5.576e+01             276.083           4.000e+01     
 139.000         270.000           -7.647e+00          -7.647e+00              38.044          -5.582e+01             282.127           4.000e+01     
 138.000         270.000           -7.504e+00          -7.504e+00              50.394          -5.597e+01             288.226           4.000e+01     
 137.000         270.000           -7.423e+00          -7.423e+00              63.004          -5.625e+01             294.326           4.000e+01     
 136.000         270.000           -7.375e+00          -7.375e+00              75.951          -5.666e+01             300.391           4.000e+01     
 135.000         270.000           -7.332e+00          -7.332e+00              89.227          -5.724e+01             306.420           4.000e+01     
 134.000         270.000           -7.271e+00          -7.271e+00             102.738          -5.802e+01             312.468           4.000e+01     
 133.000         270.000           -7.179e+00          -7.179e+00             116.312          -5.904e+01             318.676           4.000e+01     
 132.000         270.000           -7.057e+00          -7.057e+00             129.772          -6.033e+01             325.300           4.000e+01     
 131.000         270.000           -6.923e+00          -6.923e+00             142.964          -6.194e+01             332.794           4.000e+01     
 130.000         270.000           -6.802e+00          -6.802e+00             155.805          -6.388e+01             341.947           4.000e+01     
 129.000         270.000           -6.725e+00          -6.725e+00             168.296          -6.612e+01             354.053           4.000e+01     
 128.000         270.000           -6.720e+00          -6.720e+00             180.518          -6.838e+01              10.732           4.000e+01     
 127.000         270.000           -6.810e+00          -6.810e+00             192.619          -7.004e+01              31.927           4.000e+01     
 126.000         270.000           -7.015e+00          -7.015e+00             204.812          -7.058e+01              52.718           4.000e+01     
 125.000         270.000           -7.342e+00          -7.342e+00             217.371          -7.037e+01              67.265           4.000e+01     
 124.000         270.000           -7.790e+00          -7.790e+00             230.634          -7.005e+01              74.389           4.000e+01     
 123.000         270.000           -8.334e+00          -8.334e+00             244.998          -6.990e+01              75.267           4.000e+01     
 122.000         270.000           -8.914e+00          -8.914e+00             260.885          -6.984e+01              71.126           4.000e+01     
 121.000         270.000           -9.425e+00          -9.425e+00             278.573          -6.965e+01              63.438           4.000e+01     
 120.000         270.000           -9.716e+00          -9.716e+00             297.904          -6.917e+01              54.392           4.000e+01     
 119.000         270.000           -9.661e+00          -9.661e+00             318.024          -6.842e+01              46.328           4.000e+01     
 118.000         270.000           -9.238e+00          -9.238e+00             337.623          -6.760e+01              40.597           4.000e+01     
 117.000         270.000           -8.553e+00          -8.553e+00             355.645          -6.688e+01              37.467           4.000e+01     
 116.000         270.000           -7.762e+00          -7.762e+00              11.726          -6.637e+01              36.708           4.000e+01     
 115.000         270.000           -6.991e+00          -6.991e+00              26.050          -6.610e+01              38.023           4.000e+01     
 114.000         270.000           -6.318e+00          -6.318e+00              39.025          -6.608e+01              41.207           4.000e+01     
 113.000         270.000           -5.781e+00          -5.781e+00              51.085          -6.626e+01              46.130           4.000e+01     
 112.000         270.000           -5.394e+00          -5.394e+00              62.615          -6.661e+01              52.699           4.000e+01     
 111.000         270.000           -5.156e+00          -5.156e+00              73.952          -6.708e+01              60.800           4.000e+01     
 110.000         270.000           -5.057e+00          -5.057e+00              85.384          -6.764e+01              70.285           4.000e+01     
 109.000         270.000           -5.077e+00          -5.077e+00              97.173          -6.827e+01              81.038           4.000e+01     
 108.000         270.000           -5.188e+00          -5.188e+00             109.540          -6.899e+01              93.137           4.000e+01     
 107.000         270.000           -5.348e+00          -5.348e+00             122.649          -6.979e+01             107.064           4.000e+01     
 106.000         270.000           -5.508e+00          -5.508e+00             136.560          -7.061e+01             123.800           4.000e+01     
 105.000         270.000           -5.613e+00          -5.613e+00             151.190          -7.117e+01             144.296           4.000e+01     
 104.000         270.000           -5.618e+00          -5.618e+00             166.283          -7.099e+01             167.572           4.000e+01     
 103.000         270.000           -5.504e+00          -5.504e+00             181.467          -6.985e+01             189.595           4.000e+01     
 102.000         270.000           -5.283e+00          -5.283e+00             196.364          -6.814e+01             206.944           4.000e+01     
 101.000         270.000           -4.991e+00          -4.991e+00             210.718          -6.636e+01             219.415           4.000e+01     
 100.000         270.000           -4.673e+00          -4.673e+00             224.434          -6.476e+01             228.278           4.000e+01     
  99.000         270.000           -4.371e+00          -4.371e+00             237.566          -6.344e+01             234.734           4.000e+01     
  98.000         270.000           -4.114e+00          -4.114e+00             250.260          -6.241e+01             239.621           4.000e+01     
  97.000         270.000           -3.916e+00          -3.916e+00             262.712          -6.166e+01             243.493           4.000e+01     
  96.000         270.000           -3.779e+00          -3.779e+00             275.116          -6.119e+01             246.729           4.000e+01     
  95.000         270.000           -3.693e+00          -3.693e+00             287.644          -6.098e+01             249.602           4.000e+01     
  94.000         270.000           -3.638e+00          -3.638e+00             300.429          -6.103e+01             252.336           4.000e+01     
  93.000         270.000           -3.589e+00          -3.589e+00             313.533          -6.134e+01             255.125           4.000e+01     
  92.000         270.000           -3.517e+00          -3.517e+00             326.931          -6.192e+01             258.166           4.000e+01     
  91.000         270.000           -3.398e+00          -3.398e+00             340.516          -6.277e+01             261.689           4.000e+01     
  90.000         270.000           -3.221e+00          -3.221e+00             354.115          -6.390e+01             265.984           4.000e+01     
  89.000         270.000           -2.985e+00          -2.985e+00               7.535          -6.533e+01             271.458           4.000e+01     
  88.000         270.000           -2.707e+00          -2.707e+00              20.621          -6.706e+01             278.709           4.000e+01     
  87.000         270.000           -2.409e+00          -2.409e+00              33.281          -6.905e+01             288.613           4.000e+01     
  86.000         270.000           -2.117e+00          -2.117e+00              45.505          -7.119e+01             302.330           4.000e+01     
  85.000         270.000           -1.853e+00          -1.853e+00              57.343          -7.319e+01             320.793           4.000e+01     
  84.000         270.000           -1.632e+00          -1.632e+00              68.898          -7.461e+01             343.229           4.000e+01     
  83.000         270.000           -1.463e+00          -1.463e+00              80.287          -7.521e+01               6.491           4.000e+01     
  82.000         270.000           -1.347e+00          -1.347e+00              91.638          -7.525e+01              27.942           4.000e+01     
  81.000         270.000           -1.278e+00          -1.278e+00             103.064          -7.503e+01              47.560           4.000e+01     
  80.000         270.000           -1.245e+00          -1.245e+00             114.659          -7.463e+01              66.436           4.000e+01     
  79.000         270.000           -1.233e+00          -1.233e+00             126.474          -7.394e+01              84.988           4.000e+01     
  78.000         270.000           -1.221e+00          -1.221e+00             138.516          -7.287e+01             102.502           4.000e+01     
  77.000         270.000           -1.193e+00          -1.193e+00             150.733          -7.146e+01             117.913           4.000e+01     
  76.000         270.000           -1.136e+00          -1.136e+00             163.030          -6.988e+01             130.777           4.000e+01     
  75.000         270.000           -1.044e+00          -1.044e+00             175.273          -6.827e+01             141.361           4.000e+01     
  74.000         270.000           -9.204e-01          -9.204e-01             187.326          -6.673e+01             150.231           4.000e+01     
  73.000         270.000           -7.762e-01          -7.762e-01             199.073          -6.530e+01             157.927           4.000e+01     
  72.000         270.000           -6.280e-01          -6.280e-01             210.438          -6.399e+01             164.852           4.000e+01     
  71.000         270.000           -4.938e-01          -4.938e-01             221.387          -6.281e+01             171.263           4.000e+01     
  70.000         270.000           -3.906e-01          -3.906e-01             231.927          -6.176e+01             177.304           4.000e+01     
  69.000         270.000           -3.325e-01          -3.325e-01             242.087          -6.084e+01             183.042           4.000e+01     
  68.000         270.000           -3.299e-01          -3.299e-01             251.915          -6.008e+01             188.501           4.000e+01     
  67.000         270.000           -3.899e-01          -3.900e-01             261.459          -5.948e+01             193.681           4.000e+01     
  66.000         270.000           -5.165e-01          -5.165e-01             270.762          -5.907e+01             198.582           4.000e+01     
  65.000         270.000           -7.109e-01          -7.109e-01             279.852          -5.888e+01             203.207           4.000e+01     
  64.000         270.000           -9.728e-01          -9.728e-01             288.739          -5.893e+01             207.568           4.000e+01     
  63.000         270.000           -1.301e+00          -1.301e+00             297.413          -5.926e+01             211.686           4.000e+01     
  62.000         270.000           -1.692e+00          -1.692e+00             305.829          -5.994e+01             215.588           4.000e+01     
  61.000         270.000           -2.146e+00          -2.146e+00             313.908          -6.104e+01             219.314           4.000e+01     
  60.000         270.000           -2.661e+00          -2.661e+00             321.528          -6.268e+01             222.916           4.000e+01     
  59.000         270.000           -3.234e+00          -3.234e+00             328.521          -6.511e+01             226.499           4.000e+01     
  58.000         270.000           -3.862e+00          -3.862e+00             334.645          -6.889e+01             230.331           4.000e+01     
  57.000         270.000           -4.537e+00          -4.537e+00             339.615          -7.596e+01             235.893           4.000e+01     
  56.000         270.000           -5.233e+00          -5.233e+00             343.053          -8.886e+01              32.959           4.000e+01     
  55.000         270.000           -5.898e+00          -5.898e+00             344.552          -7.370e+01              53.114           4.000e+01     
  54.000         270.000           -6.433e+00          -6.434e+00             343.810          -6.914e+01              57.099           4.000e+01     
  53.000         270.000           -6.693e+00          -6.693e+00             340.918          -6.682e+01              59.904           4.000e+01     
  52.000         270.000           -6.537e+00          -6.537e+00             336.671          -6.561e+01              62.138           4.000e+01     
  51.000         270.000           -5.923e+00          -5.923e+00             332.445          -6.511e+01              63.820           4.000e+01     
  50.000         270.000           -4.946e+00          -4.946e+00             329.479          -6.512e+01              64.799           4.000e+01     
  49.000         270.000           -3.767e+00          -3.767e+00             328.324          -6.549e+01              64.808           4.000e+01     
  48.000         270.000           -2.525e+00          -2.525e+00             328.922          -6.605e+01              63.538           4.000e+01     
  47.000         270.000           -1.305e+00          -1.305e+00             330.952          -6.661e+01              60.838           4.000e+01     
  46.000         270.000           -1.536e-01          -1.536e-01             334.059          -6.693e+01              57.083           4.000e+01     
  45.000         270.000            9.127e-01           9.127e-01             337.951          -6.683e+01              53.392           4.000e+01     
  44.000         270.000            1.888e+00           1.888e+00             342.389          -6.629e+01              51.133           4.000e+01     
  43.000         270.000            2.773e+00           2.773e+00             347.205          -6.546e+01              51.061           4.000e+01     
  42.000         270.000            3.573e+00           3.573e+00             352.270          -6.453e+01              53.125           4.000e+01     
  41.000         270.000            4.293e+00           4.293e+00             357.484          -6.364e+01              56.886           4.000e+01     
  40.000         270.000            4.938e+00           4.938e+00               2.766          -6.292e+01              61.942           4.000e+01     
  39.000         270.000            5.512e+00           5.512e+00               8.051          -6.244e+01              68.117           4.000e+01     
  38.000         270.000            6.020e+00           6.020e+00              13.281          -6.226e+01              75.536           4.000e+01     
  37.000         270.000            6.465e+00           6.465e+00              18.405          -6.242e+01              84.692           4.000e+01     
  36.000         270.000            6.850e+00           6.850e+00              23.374          -6.291e+01              96.588           4.000e+01     
  35.000         270.000            7.177e+00           7.177e+00              28.141          -6.360e+01             112.825           4.000e+01     
  34.000         270.000            7.448e+00           7.448e+00              32.661          -6.404e+01             134.812           4.000e+01     
  33.000         270.000            7.666e+00           7.666e+00              36.884          -6.351e+01             160.563           4.000e+01     
  32.000         270.000            7.832e+00           7.832e+00              40.762          -6.187e+01             183.882           4.000e+01     
  31.000         270.000            7.950e+00           7.950e+00              44.242          -5.978e+01             201.348           4.000e+01     
  30.000         270.000            8.023e+00           8.023e+00              47.265          -5.777e+01             213.880           4.000e+01     
  29.000         270.000            8.056e+00           8.056e+00              49.773          -5.605e+01             223.227           4.000e+01     
  28.000         270.000            8.055e+00           8.055e+00              51.703          -5.463e+01             230.627           4.000e+01     
  27.000         270.000            8.031e+00           8.031e+00              52.992          -5.351e+01             236.830           4.000e+01     
  26.000         270.000            7.998e+00           7.998e+00              53.587          -5.263e+01             242.291           4.000e+01     
  25.000         270.000            7.972e+00           7.972e+00              53.447          -5.199e+01             247.295           4.000e+01     
  24.000         270.000            7.975e+00           7.975e+00              52.570          -5.153e+01             252.027           4.000e+01     
  23.000         270.000            8.031e+00           8.031e+00              50.997          -5.125e+01             256.611           4.000e+01     
  22.000         270.000            8.164e+00           8.164e+00              48.829          -5.110e+01             261.129           4.000e+01     
  21.000         270.000            8.391e+00           8.391e+00              46.229          -5.108e+01             265.628           4.000e+01     
  20.000         270.000            8.722e+00           8.722e+00              43.401          -5.117e+01             270.127           4.000e+01     
  19.000         270.000            9.152e+00           9.152e+00              40.562          -5.133e+01             274.618           4.000e+01     
  18.000         270.000            9.669e+00           9.669e+00              37.897          -5.156e+01             279.065           4.000e+01     
  17.000         270.000            1.025e+01           1.025e+01              35.541          -5.185e+01             283.415           4.000e+01     
  16.000         270.000            1.087e+01           1.087e+01              33.566          -5.218e+01             287.593           4.000e+01     
  15.000         270.000            1.151e+01           1.151e+01              31.990          -5.255e+01             291.518           4.000e+01     
  14.000         270.000            1.215e+01           1.215e+01              30.792          -5.296e+01             295.104           4.000e+01     
  13.000         270.000            1.277e+01           1.277e+01              29.931          -5.342e+01             298.273           4.000e+01     
  12.000         270.000            1.336e+01           1.336e+01              29.355          -5.394e+01             300.952           4.000e+01     
  11.000         270.000            1.392e+01           1.392e+01              29.010          -5.453e+01             303.075           4.000e+01     
  10.000         270.000            1.444e+01           1.444e+01              28.845          -5.522e+01             304.572           4.000e+01     
   9.000         270.000            1.491e+01           1.491e+01              28.815          -5.602e+01             305.358           4.000e+01     
   8.000         270.000            1.533e+01           1.533e+01              28.880          -5.697e+01             305.304           4.000e+01     
   7.000         270.000            1.570e+01           1.570e+01              29.007          -5.811e+01             304.190           4.000e+01     
   6.000         270.000            1.602e+01           1.602e+01              29.168          -5.949e+01             301.612           4.000e+01     
   5.000         270.000            1.630e+01           1.630e+01              29.339          -6.117e+01             296.780           4.000e+01     
   4.000         270.000            1.652e+01           1.652e+01              29.502          -6.320e+01             288.080           4.000e+01     
   3.000         270.000            1.669e+01           1.669e+01              29.644          -6.542e+01             272.355           4.000e+01     
   2.000         270.000            1.682e+01           1.682e+01              29.753          -6.695e+01             246.241           4.000e+01     
   1.000         270.000            1.689e+01           1.689e+01              29.822          -6.629e+01             216.217           4.000e+01     
