Type;FSVA3044;
Version;1.31;
Date;24.Mar 2026;
Mode;ANALYZER;
Preamplifier;OFF;
Transducer;OFF;
Center Freq;1420405000.000000;Hz
Freq Offset;0.000000;Hz
Start;1419905000.000000;Hz
Stop;1420905000.000000;Hz
Span;1000000.000000;Hz
Ref Level;20.000000;dBm
Level Offset;0.000000;dB
Rf Att;30.000000;dB
El Att;0.000000;dB
RBW;3000.000000;Hz
VBW;1000.000000;Hz
SWT;0.002100;s
Sweep Count;0;
Window;1;TOI
Ref Position;100.000000;%
Level Range;100.000000;dB
x-Axis;LIN;
y-Axis;LOG;
x-Unit;Hz;
y-Unit;dBm;
Trace;1;
Trace Mode;CLR/WRITE;
Detector;AUTOPEAK;
Values;1001;
1419905499.5004994869;-84.23758697509765625;-86.75644683837890625
1419906498.5014984608;-82.92546844482421875;-87.49033355712890625
1419907497.5024974346;-83.0328369140625;-92.8621826171875
1419908496.5034964085;-84.83615875244140625;-109.10132598876953125
1419909495.5044953823;-88.49733734130859375;-100.26847076416015625
1419910494.5054943562;-87.4654083251953125;-93.46852874755859375
1419911493.50649333;-84.39902496337890625;-92.71759796142578125
1419912492.5074923038;-82.98931884765625;-89.57530975341796875
1419913491.5084912777;-82.7975311279296875;-89.42391204833984375
1419914490.5094902515;-83.10776519775390625;-85.9570159912109375
1419915489.5104892254;-84.0960693359375;-87.15699005126953125
1419916488.5114881992;-84.56067657470703125;-100.94614410400390625
1419917487.5124871731;-86.11163330078125;-93.9847412109375
1419918486.5134861469;-87.75502777099609375;-93.4680633544921875
1419919485.5144851208;-88.8441162109375;-98.49826812744140625
1419920484.5154840946;-87.43184661865234375;-97.20339202880859375
1419921483.5164830685;-87.2549896240234375;-95.60326385498046875
1419922482.5174820423;-88.149322509765625;-93.689727783203125
1419923481.5184810162;-89.176727294921875;-90.31697845458984375
1419924480.51947999;-87.4974212646484375;-89.67790985107421875
1419925479.5204789639;-85.32492828369140625;-87.1126251220703125
1419926478.5214779377;-83.3889617919921875;-85.583099365234375
1419927477.5224769115;-81.5399169921875;-83.5713958740234375
1419928476.5234758854;-81.449493408203125;-83.0604705810546875
1419929475.5244748592;-82.50078582763671875;-85.612457275390625
1419930474.5254738331;-82.5567626953125;-86.69223785400390625
1419931473.5264728069;-82.88466644287109375;-85.09183502197265625
1419932472.5274717808;-81.4741973876953125;-89.5638275146484375
1419933471.5284707546;-81.366668701171875;-101.54016876220703125
1419934470.5294697285;-82.49434661865234375;-91.58451080322265625
1419935469.5304687023;-85.81856536865234375;-92.43597412109375
1419936468.5314676762;-88.40789794921875;-96.52010345458984375
1419937467.53246665;-86.48050689697265625;-89.09873199462890625
1419938466.5334656239;-85.3852081298828125;-88.06671905517578125
1419939465.5344645977;-85.62821197509765625;-90.6943817138671875
1419940464.5354635715;-88.17724609375;-93.32378387451171875
1419941463.5364625454;-90.017730712890625;-94.08307647705078125
1419942462.5374615192;-92.19947052001953125;-96.69464874267578125
1419943461.5384604931;-90.0458984375;-101.80170440673828125
1419944460.5394594669;-90.2328948974609375;-98.9478912353515625
1419945459.5404584408;-87.86513519287109375;-97.04933929443359375
1419946458.5414574146;-84.58998870849609375;-92.65708160400390625
1419947457.5424563885;-83.25254058837890625;-87.9824066162109375
1419948456.5434553623;-82.83221435546875;-85.36000823974609375
1419949455.5444543362;-82.8029022216796875;-83.47383880615234375
1419950454.54545331;-82.69333648681640625;-83.2786865234375
1419951453.5464522839;-83.506317138671875;-85.3170166015625
1419952452.5474512577;-84.5260162353515625;-91.137054443359375
1419953451.5484502316;-85.5819244384765625;-93.6073455810546875
1419954450.5494492054;-84.964111328125;-93.81676483154296875
1419955449.5504481792;-84.5331878662109375;-89.7017364501953125
1419956448.5514471531;-83.58675384521484375;-88.20389556884765625
1419957447.5524461269;-82.1000518798828125;-88.50385284423828125
1419958446.5534451008;-81.41480255126953125;-88.4683685302734375
1419959445.5544440746;-81.40821075439453125;-87.3476409912109375
1419960444.5554430485;-81.82561492919921875;-85.04427337646484375
1419961443.5564420223;-82.7112884521484375;-83.747467041015625
1419962442.5574409962;-83.8120880126953125;-86.07630157470703125
1419963441.55843997;-86.123382568359375;-87.226043701171875
1419964440.5594389439;-85.93395233154296875;-87.0430450439453125
1419965439.5604379177;-83.01973724365234375;-90.2996063232421875
1419966438.5614368916;-81.3198089599609375;-99.82086944580078125
1419967437.5624358654;-81.16571807861328125;-85.0431976318359375
1419968436.5634348392;-81.6548004150390625;-82.6210784912109375
1419969435.5644338131;-82.53272247314453125;-85.38348388671875
1419970434.5654327869;-85.05883026123046875;-92.28629302978515625
1419971433.5664317608;-85.5733184814453125;-97.12976837158203125
1419972432.5674307346;-83.28682708740234375;-100.8262786865234375
1419973431.5684297085;-82.20917510986328125;-93.00746917724609375
1419974430.5694286823;-82.1897125244140625;-89.44878387451171875
1419975429.5704276562;-83.23632049560546875;-88.89307403564453125
1419976428.57142663;-85.02312469482421875;-93.38118743896484375
1419977427.5724256039;-86.1182861328125;-96.9455718994140625
1419978426.5734245777;-86.9498748779296875;-92.66762542724609375
1419979425.5744235516;-87.26998138427734375;-92.04311370849609375
1419980424.5754225254;-82.84575653076171875;-86.9871978759765625
1419981423.5764214993;-81.5657501220703125;-87.7603759765625
1419982422.5774204731;-81.58310699462890625;-88.44091796875
1419983421.5784194469;-82.53090667724609375;-87.80086517333984375
1419984420.5794184208;-83.24853515625;-85.7338409423828125
1419985419.5804173946;-82.48027801513671875;-88.70801544189453125
1419986418.5814163685;-82.6567840576171875;-94.06118011474609375
1419987417.5824153423;-84.253448486328125;-88.8567047119140625
1419988416.5834143162;-87.13153839111328125;-89.189971923828125
1419989415.58441329;-87.83675384521484375;-89.69821929931640625
1419990414.5854122639;-84.87973785400390625;-88.85604095458984375
1419991413.5864112377;-84.23171234130859375;-91.9558563232421875
1419992412.5874102116;-83.8972015380859375;-92.611846923828125
1419993411.5884091854;-83.59246063232421875;-91.264434814453125
1419994410.5894081593;-83.67461395263671875;-89.26923370361328125
1419995409.5904071331;-83.443084716796875;-89.31740570068359375
1419996408.5914061069;-83.31195831298828125;-93.01763153076171875
1419997407.5924050808;-83.51065826416015625;-99.0436248779296875
1419998406.5934040546;-84.75688934326171875;-101.1138153076171875
1419999405.5944030285;-88.25838470458984375;-99.0511627197265625
1420000404.5954020023;-88.4662628173828125;-93.45232391357421875
1420001403.5964009762;-89.04813385009765625;-91.145294189453125
1420002402.59739995;-86.6984405517578125;-89.93799591064453125
1420003401.5983989239;-84.877349853515625;-91.495880126953125
1420004400.5993978977;-84.868408203125;-92.29840850830078125
1420005399.6003968716;-85.74779510498046875;-91.6543731689453125
1420006398.6013958454;-84.6449432373046875;-88.86595916748046875
1420007397.6023948193;-84.287017822265625;-86.84247589111328125
1420008396.6033937931;-85.1361083984375;-86.79544830322265625
1420009395.604392767;-82.19347381591796875;-85.64453125
1420010394.6053917408;-79.7578125;-83.5400390625
1420011393.6063907146;-79.53504180908203125;-82.55051422119140625
1420012392.6073896885;-80.34819793701171875;-83.6279754638671875
1420013391.6083886623;-83.21991729736328125;-87.6083984375
1420014390.6093876362;-86.6741485595703125;-90.89792633056640625
1420015389.61038661;-86.478118896484375;-94.08933258056640625
1420016388.6113855839;-86.2386322021484375;-94.5319976806640625
1420017387.6123845577;-81.26096343994140625;-96.63118743896484375
1420018386.6133835316;-80.30779266357421875;-97.97722625732421875
1420019385.6143825054;-80.6981353759765625;-90.725128173828125
1420020384.6153814793;-83.403839111328125;-86.44315338134765625
1420021383.6163804531;-82.2989044189453125;-91.5100555419921875
1420022382.617379427;-81.3010711669921875;-92.662261962890625
1420023381.6183784008;-81.15413665771484375;-92.40229034423828125
1420024380.6193773746;-81.4525909423828125;-94.72552490234375
1420025379.6203763485;-82.93071746826171875;-94.98625946044921875
1420026378.6213753223;-85.2194671630859375;-88.77797698974609375
1420027377.6223742962;-83.772613525390625;-86.50199127197265625
1420028376.62337327;-82.52675628662109375;-87.41930389404296875
1420029375.6243722439;-82.60247802734375;-91.42626190185546875
1420030374.6253712177;-84.62218475341796875;-93.50313568115234375
1420031373.6263701916;-88.2239532470703125;-90.903411865234375
1420032372.6273691654;-86.23822784423828125;-99.163055419921875
1420033371.6283681393;-86.13834381103515625;-100.119903564453125
1420034370.6293671131;-85.9741363525390625;-97.8369598388671875
1420035369.630366087;-83.8284454345703125;-90.9604644775390625
1420036368.6313650608;-83.68425750732421875;-85.6089935302734375
1420037367.6323640347;-83.7515869140625;-88.953948974609375
1420038366.6333630085;-84.6102294921875;-89.60674285888671875
1420039365.6343619823;-82.00374603271484375;-91.46826171875
1420040364.6353609562;-80.6405029296875;-89.57157135009765625
1420041363.63635993;-80.27423095703125;-90.97139739990234375
1420042362.6373589039;-80.564422607421875;-86.5895538330078125
1420043361.6383578777;-82.0779266357421875;-83.30263519287109375
1420044360.6393568516;-82.57784271240234375;-84.58148193359375
1420045359.6403558254;-82.9546356201171875;-85.6961517333984375
1420046358.6413547993;-82.2274627685546875;-86.55322265625
1420047357.6423537731;-81.2779998779296875;-88.0300445556640625
1420048356.643352747;-81.03412628173828125;-88.347930908203125
1420049355.6443517208;-81.30606842041015625;-87.05921173095703125
1420050354.6453506947;-82.77490997314453125;-85.60882568359375
1420051353.6463496685;-85.1858062744140625;-86.82488250732421875
1420052352.6473486423;-85.6695404052734375;-89.05352783203125
1420053351.6483476162;-86.2268829345703125;-91.28591156005859375
1420054350.64934659;-87.12677001953125;-91.70543670654296875
1420055349.6503455639;-87.4480438232421875;-90.9102020263671875
1420056348.6513445377;-84.6197052001953125;-96.0117645263671875
1420057347.6523435116;-82.80222320556640625;-93.3099517822265625
1420058346.6533424854;-82.36315155029296875;-88.085540771484375
1420059345.6543414593;-82.50714874267578125;-86.39196014404296875
1420060344.6553404331;-83.47406768798828125;-86.3778533935546875
1420061343.656339407;-80.52011871337890625;-86.25537109375
1420062342.6573383808;-79.014556884765625;-86.59021759033203125
1420063341.6583373547;-78.9296875;-85.06749725341796875
1420064340.6593363285;-79.9040069580078125;-83.22347259521484375
1420065339.6603353024;-82.5619049072265625;-87.5836181640625
1420066338.6613342762;-84.00766754150390625;-91.01959228515625
1420067337.66233325;-83.82013702392578125;-90.76924896240234375
1420068336.6633322239;-85.21408843994140625;-87.110931396484375
1420069335.6643311977;-85.47998046875;-87.41809844970703125
1420070334.6653301716;-85.722900390625;-87.29241943359375
1420071333.6663291454;-85.6111602783203125;-87.0534210205078125
1420072332.6673281193;-83.4703826904296875;-85.464141845703125
1420073331.6683270931;-82.87677001953125;-84.400299072265625
1420074330.669326067;-82.39122772216796875;-84.165313720703125
1420075329.6703250408;-81.93347930908203125;-84.0929412841796875
1420076328.6713240147;-80.29813385009765625;-82.5924530029296875
1420077327.6723229885;-79.86814117431640625;-85.246124267578125
1420078326.6733219624;-80.10617828369140625;-88.4134368896484375
1420079325.6743209362;-81.176849365234375;-87.95217132568359375
1420080324.67531991;-82.100006103515625;-85.0208587646484375
1420081323.6763188839;-82.36157989501953125;-82.81955718994140625
1420082322.6773178577;-82.41535186767578125;-83.0085296630859375
1420083321.6783168316;-83.19698333740234375;-84.50205230712890625
1420084320.6793158054;-84.2612762451171875;-88.5765380859375
1420085319.6803147793;-86.04384613037109375;-91.703826904296875
1420086318.6813137531;-88.2216033935546875;-90.25804901123046875
1420087317.682312727;-87.48415374755859375;-91.37020111083984375
1420088316.6833117008;-87.8577117919921875;-96.96485137939453125
1420089315.6843106747;-88.1143341064453125;-102.3155517578125
1420090314.6853096485;-88.71884918212890625;-91.25262451171875
1420091313.6863086224;-85.47856903076171875;-88.12939453125
1420092312.6873075962;-82.75234222412109375;-85.837310791015625
1420093311.6883065701;-81.80694580078125;-84.76773834228515625
1420094310.6893055439;-81.8206939697265625;-83.728668212890625
1420095309.6903045177;-82.679046630859375;-84.57634735107421875
1420096308.6913034916;-83.79913330078125;-85.945220947265625
1420097307.6923024654;-85.38770294189453125;-89.31711578369140625
1420098306.6933014393;-87.8187255859375;-94.89626312255859375
1420099305.6943004131;-84.95233154296875;-89.22591400146484375
1420100304.695299387;-83.870208740234375;-87.9326019287109375
1420101303.6962983608;-83.91674041748046875;-85.29100799560546875
1420102302.6972973347;-83.35092926025390625;-85.43517303466796875
1420103301.6982963085;-83.53740692138671875;-87.14228057861328125
1420104300.6992952824;-84.7261962890625;-90.39249420166015625
1420105299.7002942562;-85.84001922607421875;-91.43578338623046875
1420106298.7012932301;-86.515777587890625;-90.01621246337890625
1420107297.7022922039;-87.20920562744140625;-91.85559844970703125
1420108296.7032911777;-87.8897552490234375;-91.89211273193359375
1420109295.7042901516;-83.8715362548828125;-90.4612274169921875
1420110294.7052891254;-82.67679595947265625;-92.73976898193359375
1420111293.7062880993;-82.82308197021484375;-99.40276336669921875
1420112292.7072870731;-84.72097015380859375;-102.58393096923828125
1420113291.708286047;-84.3015899658203125;-93.1683502197265625
1420114290.7092850208;-81.92179107666015625;-90.47540283203125
1420115289.7102839947;-81.04241943359375;-88.94382476806640625
1420116288.7112829685;-81.07506561279296875;-87.41461944580078125
1420117287.7122819424;-82.3072509765625;-88.36153411865234375
1420118286.7132809162;-84.9442596435546875;-89.888427734375
1420119285.7142798901;-86.88838958740234375;-89.9083099365234375
1420120284.7152788639;-86.76930999755859375;-88.43851470947265625
1420121283.7162778378;-86.51097869873046875;-88.1270904541015625
1420122282.7172768116;-85.36612701416015625;-88.75484466552734375
1420123281.7182757854;-82.84719085693359375;-86.95263671875
1420124280.7192747593;-81.88719940185546875;-86.52719879150390625
1420125279.7202737331;-81.82382965087890625;-92.9343109130859375
1420126278.721272707;-82.2209320068359375;-95.9574127197265625
1420127277.7222716808;-82.9989166259765625;-88.997406005859375
1420128276.7232706547;-82.7294464111328125;-84.69045257568359375
1420129275.7242696285;-81.165313720703125;-83.1006622314453125
1420130274.7252686024;-80.95159912109375;-83.36200714111328125
1420131273.7262675762;-81.38579559326171875;-84.96013641357421875
1420132272.7272665501;-83.42423248291015625;-88.39675140380859375
1420133271.7282655239;-88.42557525634765625;-93.02570343017578125
1420134270.7292644978;-88.254547119140625;-94.94687652587890625
1420135269.7302634716;-86.97736358642578125;-93.54618072509765625
1420136268.7312624454;-85.676666259765625;-89.86478424072265625
1420137267.7322614193;-84.7021636962890625;-87.1342315673828125
1420138266.7332603931;-84.61724853515625;-88.1520233154296875
1420139265.734259367;-86.02547454833984375;-91.14318084716796875
1420140264.7352583408;-84.364410400390625;-93.52288818359375
1420141263.7362573147;-81.403656005859375;-92.34757232666015625
1420142262.7372562885;-80.0997314453125;-85.606658935546875
1420143261.7382552624;-79.65949249267578125;-85.39708709716796875
1420144260.7392542362;-79.73497772216796875;-91.98293304443359375
1420145259.7402532101;-80.81341552734375;-93.88971710205078125
1420146258.7412521839;-83.6762237548828125;-89.845977783203125
1420147257.7422511578;-83.6822967529296875;-91.41661834716796875
1420148256.7432501316;-83.3756256103515625;-89.47076416015625
1420149255.7442491055;-81.77034759521484375;-89.25795745849609375
1420150254.7452480793;-81.09897613525390625;-85.31978607177734375
1420151253.7462470531;-81.0084991455078125;-83.25070953369140625
1420152252.747246027;-80.40845489501953125;-81.33612060546875
1420153251.7482450008;-79.7429962158203125;-80.3228912353515625
1420154250.7492439747;-78.875823974609375;-80.22031402587890625
1420155249.7502429485;-78.35637664794921875;-82.762481689453125
1420156248.7512419224;-78.286041259765625;-91.87496185302734375
1420157247.7522408962;-78.46512603759765625;-90.14720916748046875
1420158246.7532398701;-79.362548828125;-88.04599761962890625
1420159245.7542388439;-81.2837066650390625;-91.17119598388671875
1420160244.7552378178;-84.6963958740234375;-91.55622100830078125
1420161243.7562367916;-88.78478240966796875;-95.31627655029296875
1420162242.7572357655;-87.15280914306640625;-89.39208221435546875
1420163241.7582347393;-84.98052215576171875;-87.6357879638671875
1420164240.7592337132;-83.4403076171875;-86.4911651611328125
1420165239.760232687;-81.41110992431640625;-89.96065521240234375
1420166238.7612316608;-80.495208740234375;-89.70163726806640625
1420167237.7622306347;-80.3900146484375;-87.73487091064453125
1420168236.7632296085;-80.828460693359375;-86.0232696533203125
1420169235.7642285824;-81.44422149658203125;-85.16109466552734375
1420170234.7652275562;-81.118133544921875;-86.293243408203125
1420171233.7662265301;-81.18813323974609375;-87.3055419921875
1420172232.7672255039;-82.14638519287109375;-86.80353546142578125
1420173231.7682244778;-84.337554931640625;-88.1371307373046875
1420174230.7692234516;-85.8531646728515625;-90.1944732666015625
1420175229.7702224255;-85.18408966064453125;-91.3513031005859375
1420176228.7712213993;-85.1900787353515625;-90.17510986328125
1420177227.7722203732;-85.5530242919921875;-88.3179779052734375
1420178226.773219347;-86.79782867431640625;-88.3043060302734375
1420179225.7742183208;-85.86301422119140625;-87.9551239013671875
1420180224.7752172947;-84.83332061767578125;-87.6518096923828125
1420181223.7762162685;-81.37197113037109375;-86.35358428955078125
1420182222.7772152424;-80.67778778076171875;-86.5868988037109375
1420183221.7782142162;-80.9405059814453125;-87.76131439208984375
1420184220.7792131901;-82.57488250732421875;-90.6961669921875
1420185219.7802121639;-84.9156341552734375;-91.41504669189453125
1420186218.7812111378;-87.987396240234375;-90.4888763427734375
1420187217.7822101116;-90.331390380859375;-91.1434783935546875
1420188216.7832090855;-88.57184600830078125;-91.1399688720703125
1420189215.7842080593;-86.04528045654296875;-87.95166015625
1420190214.7852070332;-85.60018157958984375;-86.73572540283203125
1420191213.786206007;-86.081085205078125;-87.693939208984375
1420192212.7872049809;-83.7356109619140625;-91.7432708740234375
1420193211.7882039547;-82.30328369140625;-96.19165802001953125
1420194210.7892029285;-82.32646942138671875;-89.65796661376953125
1420195209.7902019024;-83.78386688232421875;-93.27429962158203125
1420196208.7912008762;-86.28221893310546875;-91.5724639892578125
1420197207.7921998501;-83.97743988037109375;-87.45821380615234375
1420198206.7931988239;-81.9206085205078125;-83.42827606201171875
1420199205.7941977978;-81.875946044921875;-83.72043609619140625
1420200204.7951967716;-83.46369171142578125;-86.00897216796875
1420201203.7961957455;-83.48337554931640625;-93.1201934814453125
1420202202.7971947193;-82.3016510009765625;-95.88523101806640625
1420203201.7981936932;-82.7174530029296875;-88.380126953125
1420204200.799192667;-86.3607025146484375;-91.077362060546875
1420205199.8001916409;-86.3477325439453125;-101.15406036376953125
1420206198.8011906147;-85.01665496826171875;-89.3037261962890625
1420207197.8021895885;-83.170501708984375;-85.38922882080078125
1420208196.8031885624;-82.57694244384765625;-84.2447662353515625
1420209195.8041875362;-83.13404083251953125;-84.7784881591796875
1420210194.8051865101;-84.70801544189453125;-86.8448638916015625
1420211193.8061854839;-85.7995758056640625;-89.789520263671875
1420212192.8071844578;-87.67946624755859375;-94.9963836669921875
1420213191.8081834316;-88.89626312255859375;-94.1560211181640625
1420214190.8091824055;-84.89139556884765625;-91.773193359375
1420215189.8101813793;-82.2403717041015625;-88.7135772705078125
1420216188.8111803532;-82.39659881591796875;-85.44342041015625
1420217187.812179327;-84.08345794677734375;-94.1366424560546875
1420218186.8131783009;-86.26338958740234375;-101.942779541015625
1420219185.8141772747;-83.8856201171875;-92.9432373046875
1420220184.8151762486;-83.82054901123046875;-87.93143463134765625
1420221183.8161752224;-83.83162689208984375;-87.644927978515625
1420222182.8171741962;-83.6849365234375;-87.21096038818359375
1420223181.8181731701;-83.20131683349609375;-88.814453125
1420224180.8191721439;-82.64022064208984375;-90.14723968505859375
1420225179.8201711178;-82.23825836181640625;-88.262237548828125
1420226178.8211700916;-81.8179779052734375;-91.4668731689453125
1420227177.8221690655;-81.7574615478515625;-90.344635009765625
1420228176.8231680393;-82.1639556884765625;-85.49615478515625
1420229175.8241670132;-82.44512176513671875;-83.88355255126953125
1420230174.825165987;-82.40680694580078125;-85.2230682373046875
1420231173.8261649609;-83.20735931396484375;-87.6445465087890625
1420232172.8271639347;-85.271026611328125;-91.60031890869140625
1420233171.8281629086;-87.753204345703125;-94.5619964599609375
1420234170.8291618824;-89.1423492431640625;-93.35721588134765625
1420235169.8301608562;-87.1301422119140625;-95.59845733642578125
1420236168.8311598301;-86.19873046875;-90.1599273681640625
1420237167.8321588039;-83.33740997314453125;-89.15744781494140625
1420238166.8331577778;-82.2569427490234375;-84.00562286376953125
1420239165.8341567516;-81.2181549072265625;-82.43366241455078125
1420240164.8351557255;-80.9234466552734375;-83.8773956298828125
1420241163.8361546993;-81.31233978271484375;-86.18177032470703125
1420242162.8371536732;-83.61414337158203125;-88.2619476318359375
1420243161.838152647;-85.55442047119140625;-90.50946044921875
1420244160.8391516209;-83.55686187744140625;-89.52503204345703125
1420245159.8401505947;-81.1648101806640625;-86.7762908935546875
1420246158.8411495686;-79.56951141357421875;-88.63727569580078125
1420247157.8421485424;-79.391693115234375;-90.15810394287109375
1420248156.8431475163;-79.81674957275390625;-88.31935882568359375
1420249155.8441464901;-81.0662689208984375;-81.0662689208984375
1420250154.8451454639;-78.8812103271484375;-78.8812103271484375
1420251153.8461444378;-68.18434906005859375;-75.36682891845703125
1420252152.8471434116;-59.746845245361328125;-65.0183258056640625
1420253151.8481423855;-54.39261627197265625;-54.39261627197265625
1420254150.8491413593;-51.867656707763671875;-51.867656707763671875
1420255149.8501403332;-51.624309539794921875;-51.624309539794921875
1420256148.851139307;-52.66143798828125;-52.66143798828125
1420257147.8521382809;-56.397457122802734375;-56.397457122802734375
1420258146.8531372547;-63.029170989990234375;-69.3072052001953125
1420259145.8541362286;-73.16101837158203125;-83.5004425048828125
1420260144.8551352024;-92.77539825439453125;-98.404632568359375
1420261143.8561341763;-84.204925537109375;-84.204925537109375
1420262142.8571331501;-84.2237701416015625;-84.548828125
1420263141.8581321239;-84.46030426025390625;-86.00464630126953125
1420264140.8591310978;-85.9956207275390625;-94.10962677001953125
1420265139.8601300716;-84.1136932373046875;-89.46358489990234375
1420266138.8611290455;-83.1698760986328125;-85.3018646240234375
1420267137.8621280193;-83.3050384521484375;-88.13486480712890625
1420268136.8631269932;-85.06578826904296875;-94.3777008056640625
1420269135.864125967;-85.18621063232421875;-95.169677734375
1420270134.8651249409;-84.15155792236328125;-90.15366363525390625
1420271133.8661239147;-84.46916961669921875;-87.64447021484375
1420272132.8671228886;-86.785552978515625;-87.788116455078125
1420273131.8681218624;-86.59333038330078125;-88.3684539794921875
1420274130.8691208363;-83.4399566650390625;-90.45160675048828125
1420275129.8701198101;-80.365814208984375;-91.1602325439453125
1420276128.871118784;-78.996917724609375;-92.52535247802734375
1420277127.8721177578;-78.92642974853515625;-98.1011810302734375
1420278126.8731167316;-79.5542144775390625;-95.46759796142578125
1420279125.8741157055;-80.83840179443359375;-87.15582275390625
1420280124.8751146793;-82.1774139404296875;-84.18666839599609375
1420281123.8761136532;-82.743621826171875;-85.486083984375
1420282122.877112627;-82.60469818115234375;-89.33740997314453125
1420283121.8781116009;-82.62139892578125;-93.24161529541015625
1420284120.8791105747;-83.200958251953125;-93.6483612060546875
1420285119.8801095486;-85.573822021484375;-92.34732818603515625
1420286118.8811085224;-84.97628021240234375;-90.46088409423828125
1420287117.8821074963;-82.3238677978515625;-88.72927093505859375
1420288116.8831064701;-82.1451873779296875;-87.3956298828125
1420289115.884105444;-81.70865631103515625;-85.40325164794921875
1420290114.8851044178;-80.01871490478515625;-84.2698822021484375
1420291113.8861033916;-80.36838531494140625;-87.16808319091796875
1420292112.8871023655;-83.953582763671875;-87.94680023193359375
1420293111.8881013393;-85.1229095458984375;-87.56560516357421875
1420294110.8891003132;-82.93323516845703125;-86.04376983642578125
1420295109.890099287;-82.17061614990234375;-87.9220428466796875
1420296108.8910982609;-82.349029541015625;-90.40338897705078125
1420297107.8920972347;-85.57331085205078125;-93.8708648681640625
1420298106.8930962086;-83.994903564453125;-96.00647735595703125
1420299105.8940951824;-83.3716888427734375;-96.87969207763671875
1420300104.8950941563;-83.64635467529296875;-96.546722412109375
1420301103.8960931301;-85.387420654296875;-92.8389434814453125
1420302102.897092104;-85.0480499267578125;-89.288848876953125
1420303101.8980910778;-84.01102447509765625;-89.948333740234375
1420304100.8990900517;-84.25443267822265625;-89.27777099609375
1420305099.9000890255;-81.8925323486328125;-89.6367950439453125
1420306098.9010879993;-81.5784759521484375;-89.2397613525390625
1420307097.9020869732;-82.40422821044921875;-93.17653656005859375
1420308096.903085947;-85.18349456787109375;-98.39495849609375
1420309095.9040849209;-86.282073974609375;-98.50852203369140625
1420310094.9050838947;-89.660614013671875;-94.9076385498046875
1420311093.9060828686;-90.4818267822265625;-99.1649932861328125
1420312092.9070818424;-88.8263702392578125;-93.23326873779296875
1420313091.9080808163;-87.51932525634765625;-88.76793670654296875
1420314090.9090797901;-85.86693572998046875;-88.711639404296875
1420315089.910078764;-82.013916015625;-88.1812744140625
1420316088.9110777378;-80.410552978515625;-90.20098114013671875
1420317087.9120767117;-80.33812713623046875;-88.71814727783203125
1420318086.9130756855;-81.781036376953125;-85.92285919189453125
1420319085.9140746593;-84.94455718994140625;-88.01863861083984375
1420320084.9150736332;-82.4777374267578125;-86.2087860107421875
1420321083.916072607;-82.173553466796875;-88.736572265625
1420322082.9170715809;-82.52507781982421875;-89.9842529296875
1420323081.9180705547;-84.4702911376953125;-88.85276031494140625
1420324080.9190695286;-84.169219970703125;-88.47891998291015625
1420325079.9200685024;-83.83020782470703125;-85.90297698974609375
1420326078.9210674763;-84.214202880859375;-86.6184539794921875
1420327077.9220664501;-82.8055419921875;-88.13555145263671875
1420328076.923065424;-79.62850189208984375;-97.51413726806640625
1420329075.9240643978;-79.05541229248046875;-93.87960052490234375
1420330074.9250633717;-79.43686676025390625;-85.90312957763671875
1420331073.9260623455;-82.19820404052734375;-87.445404052734375
1420332072.9270613194;-82.6851959228515625;-94.44980621337890625
1420333071.9280602932;-83.5934600830078125;-86.986083984375
1420334070.929059267;-82.4384613037109375;-86.51158905029296875
1420335069.9300582409;-80.24974822998046875;-89.1607208251953125
1420336068.9310572147;-79.2317352294921875;-90.56346893310546875
1420337067.9320561886;-79.1761016845703125;-90.4371795654296875
1420338066.9330551624;-80.08219146728515625;-88.96700286865234375
1420339065.9340541363;-82.96743011474609375;-86.186309814453125
1420340064.9350531101;-83.84143829345703125;-92.36333465576171875
1420341063.936052084;-83.83444976806640625;-91.79915618896484375
1420342062.9370510578;-84.29451751708984375;-90.6931915283203125
1420343061.9380500317;-84.24958038330078125;-90.51403045654296875
1420344060.9390490055;-82.42962646484375;-85.02294921875
1420345059.9400479794;-81.9375762939453125;-87.400604248046875
1420346058.9410469532;-82.42232513427734375;-88.16455078125
1420347057.942045927;-84.11037445068359375;-84.11037445068359375
1420348056.9430449009;-73.24969482421875;-87.27336883544921875
1420349055.9440438747;-45.402988433837890625;-62.81456756591796875
1420350054.9450428486;-26.79685211181640625;-38.38425445556640625
1420351053.9460418224;-13.939916610717773438;-21.985805511474609375
1420352052.9470407963;-5.1198339462280273438;-10.602366447448730469
1420353051.9480397701;0.46304246783256530762;0.46304246783256530762
1420354050.949038744;3.2067403793334960938;3.2067403793334960938
1420355049.9500377178;3.5502417087554931641;3.5502417087554931641
1420356048.9510366917;2.7202446460723876953;2.7202446460723876953
1420357047.9520356655;-0.78209829330444335938;-0.78209829330444335938
1420358046.9530346394;-7.2076520919799804688;-13.339535713195800781
1420359045.9540336132;-17.04285430908203125;-25.945098876953125
1420360044.9550325871;-31.27454376220703125;-44.20102691650390625
1420361043.9560315609;-52.280727386474609375;-76.25925445556640625
1420362042.9570305347;-80.27452850341796875;-88.357269287109375
1420363041.9580295086;-83.4906768798828125;-83.93282318115234375
1420364040.9590284824;-84.0795440673828125;-85.26749420166015625
1420365039.9600274563;-84.9380950927734375;-86.08325958251953125
1420366038.9610264301;-84.95629119873046875;-88.4275054931640625
1420367037.962025404;-84.69782257080078125;-87.74620819091796875
1420368036.9630243778;-82.18556976318359375;-83.835418701171875
1420369035.9640233517;-81.87519073486328125;-82.21643829345703125
1420370034.9650223255;-81.23226165771484375;-83.5339813232421875
1420371033.9660212994;-79.50335693359375;-86.13361358642578125
1420372032.9670202732;-79.36829376220703125;-87.85767364501953125
1420373031.9680192471;-80.37535858154296875;-86.665740966796875
1420374030.9690182209;-84.185760498046875;-87.65789031982421875
1420375029.9700171947;-85.125946044921875;-87.95885467529296875
1420376028.9710161686;-83.8140411376953125;-86.499847412109375
1420377027.9720151424;-83.52503204345703125;-84.72784423828125
1420378026.9730141163;-82.74636077880859375;-88.0028533935546875
1420379025.9740130901;-82.87384796142578125;-96.56826019287109375
1420380024.975012064;-84.67250823974609375;-90.616424560546875
1420381023.9760110378;-83.99512481689453125;-92.39752197265625
1420382022.9770100117;-83.9708099365234375;-91.86725616455078125
1420383021.9780089855;-84.075225830078125;-90.7042236328125
1420384020.9790079594;-83.51157379150390625;-87.89483642578125
1420385019.9800069332;-83.63775634765625;-85.75261688232421875
1420386018.9810059071;-82.7483673095703125;-87.66915130615234375
1420387017.9820048809;-82.62657928466796875;-88.1315460205078125
1420388016.9830038548;-83.93938446044921875;-86.58280181884765625
1420389015.9840028286;-85.90317535400390625;-87.61789703369140625
1420390014.9850018024;-84.310455322265625;-90.21904754638671875
1420391013.9860007763;-83.4347686767578125;-89.86989593505859375
1420392012.9869997501;-83.52443695068359375;-88.513336181640625
1420393011.987998724;-84.81290435791015625;-89.31574249267578125
1420394010.9889976978;-84.73748016357421875;-91.6234130859375
1420395009.9899966717;-82.87932586669921875;-86.627044677734375
1420396008.9909956455;-82.3109893798828125;-85.0021209716796875
1420397007.9919946194;-82.32990264892578125;-88.6609954833984375
1420398006.9929935932;-82.80584716796875;-94.48233795166015625
1420399005.9939925671;-83.43910980224609375;-90.9532470703125
1420400004.9949915409;-83.27347564697265625;-83.27347564697265625
1420401003.9959905148;-81.61457061767578125;-81.61457061767578125
1420402002.9969894886;-79.86212921142578125;-79.86212921142578125
1420403001.9979884624;-80.39585113525390625;-80.39585113525390625
1420404000.9989874363;-78.08264923095703125;-78.08264923095703125
1420404999.9999864101;-73.74169158935546875;-73.74169158935546875
1420405999.000985384;-72.83155059814453125;-72.83155059814453125
1420406998.0019843578;-73.60936737060546875;-73.60936737060546875
1420407997.0029833317;-78.195068359375;-78.195068359375
1420408996.0039823055;-83.67801666259765625;-83.67801666259765625
1420409995.0049812794;-84.52210235595703125;-87.8696136474609375
1420410994.0059802532;-87.9007110595703125;-91.70086669921875
1420411993.0069792271;-84.44730377197265625;-90.13962554931640625
1420412992.0079782009;-84.2003631591796875;-87.67961883544921875
1420413991.0089771748;-84.83000946044921875;-86.221832275390625
1420414990.0099761486;-84.11962127685546875;-88.92369842529296875
1420415989.0109751225;-83.80164337158203125;-90.53177642822265625
1420416988.0119740963;-84.787933349609375;-88.36334991455078125
1420417987.0129730701;-84.5814208984375;-88.79351806640625
1420418986.013972044;-83.63916015625;-87.3728790283203125
1420419985.0149710178;-83.7654266357421875;-86.30667877197265625
1420420984.0159699917;-83.3140106201171875;-87.616790771484375
1420421983.0169689655;-81.49532318115234375;-89.19317626953125
1420422982.0179679394;-81.0952911376953125;-88.53734588623046875
1420423981.0189669132;-81.6015777587890625;-86.06932830810546875
1420424980.0199658871;-83.9405517578125;-85.93953704833984375
1420425979.0209648609;-86.4653167724609375;-88.37314605712890625
1420426978.0219638348;-86.44527435302734375;-90.1003265380859375
1420427977.0229628086;-84.13918304443359375;-90.40457916259765625
1420428976.0239617825;-82.30286407470703125;-98.49163055419921875
1420429975.0249607563;-81.4094696044921875;-86.8838653564453125
1420430974.0259597301;-81.2667388916015625;-84.89211273193359375
1420431973.026958704;-81.4127349853515625;-84.16147613525390625
1420432972.0279576778;-81.80600738525390625;-84.34416961669921875
1420433971.0289566517;-82.76995849609375;-84.77371978759765625
1420434970.0299556255;-84.8095703125;-86.15534210205078125
1420435969.0309545994;-85.40167236328125;-88.57799530029296875
1420436968.0319535732;-83.68390655517578125;-91.8931884765625
1420437967.0329525471;-82.59412384033203125;-85.0077056884765625
1420438966.0339515209;-81.0527496337890625;-83.3323822021484375
1420439965.0349504948;-78.59685516357421875;-82.83411407470703125
1420440964.0359494686;-77.7890472412109375;-82.7288970947265625
1420441963.0369484425;-78.03473663330078125;-82.44510650634765625
1420442962.0379474163;-80.1146240234375;-83.252716064453125
1420443961.0389463902;-83.25395965576171875;-86.6641998291015625
1420444960.039945364;-85.3536529541015625;-93.03078460693359375
1420445959.0409443378;-82.94153594970703125;-91.30623626708984375
1420446958.0419433117;-82.60877227783203125;-92.01987457275390625
1420447957.0429422855;-80.126434326171875;-95.88812255859375
1420448956.0439412594;-47.770538330078125;-66.6658782958984375
1420449955.0449402332;-28.358797073364257813;-40.41355133056640625
1420450954.0459392071;-15.0244140625;-23.3685760498046875
1420451953.0469381809;-5.8459148406982421875;-11.558320045471191406
1420452952.0479371548;0.038050703704357147217;0.038050703704357147217
1420453951.0489361286;3.0550022125244140625;3.0550022125244140625
1420454950.0499351025;3.574649810791015625;3.574649810791015625
1420455949.0509340763;2.9214437007904052734;2.9214437007904052734
1420456948.0519330502;-0.30398663878440856934;-0.30398663878440856934
1420457947.052932024;-6.42022705078125;-12.312541961669921875
1420458946.0539309978;-15.880506515502929688;-24.465349197387695313
1420459945.0549299717;-29.603197097778320313;-42.04824066162109375
1420460944.0559289455;-49.677242279052734375;-69.74951171875
1420461943.0569279194;-86.5679779052734375;-98.5976104736328125
1420462942.0579268932;-85.9342041015625;-93.93054962158203125
1420463941.0589258671;-86.7023162841796875;-95.07761383056640625
1420464940.0599248409;-84.53339385986328125;-89.27835845947265625
1420465939.0609238148;-84.4272918701171875;-89.503173828125
1420466938.0619227886;-86.70367431640625;-91.613433837890625
1420467937.0629217625;-90.40311431884765625;-97.290283203125
1420468936.0639207363;-89.957733154296875;-105.72657012939453125
1420469935.0649197102;-86.290618896484375;-101.1414794921875
1420470934.065918684;-84.52910614013671875;-89.93878936767578125
1420471933.0669176579;-83.65297698974609375;-85.36173248291015625
1420472932.0679166317;-82.72025299072265625;-84.65210723876953125
1420473931.0689156055;-82.748291015625;-87.97711181640625
1420474930.0699145794;-83.18688201904296875;-87.40106201171875
1420475929.0709135532;-82.3690338134765625;-83.716644287109375
1420476928.0719125271;-81.350799560546875;-82.295623779296875
1420477927.0729115009;-80.89768218994140625;-81.7066192626953125
1420478926.0739104748;-80.0243988037109375;-80.851226806640625
1420479925.0749094486;-79.5082855224609375;-80.45983123779296875
1420480924.0759084225;-79.66794586181640625;-82.04686737060546875
1420481923.0769073963;-81.34073638916015625;-84.65024566650390625
1420482922.0779063702;-85.648834228515625;-92.50722503662109375
1420483921.078905344;-87.26190185546875;-92.78656005859375
1420484920.0799043179;-86.239715576171875;-95.43421173095703125
1420485919.0809032917;-85.7771453857421875;-90.39942169189453125
1420486918.0819022655;-85.74505615234375;-88.934722900390625
1420487917.0829012394;-85.2370147705078125;-87.801116943359375
1420488916.0839002132;-83.1069793701171875;-88.30438995361328125
1420489915.0848991871;-81.68126678466796875;-90.01914215087890625
1420490914.0858981609;-81.24501800537109375;-88.621185302734375
1420491913.0868971348;-81.20989990234375;-87.88480377197265625
1420492912.0878961086;-81.76007080078125;-88.1782379150390625
1420493911.0888950825;-84.63312530517578125;-88.98975372314453125
1420494910.0898940563;-86.43848419189453125;-94.466644287109375
1420495909.0908930302;-86.1502685546875;-101.522705078125
1420496908.091892004;-86.47072601318359375;-98.2004547119140625
1420497907.0928909779;-87.00415802001953125;-92.44939422607421875
1420498906.0938899517;-86.591522216796875;-89.26633453369140625
1420499905.0948889256;-83.6822662353515625;-86.3119659423828125
1420500904.0958878994;-81.8873443603515625;-85.01969146728515625
1420501903.0968868732;-81.3773956298828125;-87.41365814208984375
1420502902.0978858471;-81.64923858642578125;-88.997222900390625
1420503901.0988848209;-78.12155914306640625;-89.2858428955078125
1420504900.0998837948;-75.30803680419921875;-88.475860595703125
1420505899.1008827686;-74.84039306640625;-84.889495849609375
1420506898.1018817425;-75.55614471435546875;-85.12699127197265625
1420507897.1028807163;-79.2156982421875;-83.84484100341796875
1420508896.1038796902;-82.02475738525390625;-99.180084228515625
1420509895.104878664;-83.59250640869140625;-92.79070281982421875
1420510894.1058776379;-84.80367279052734375;-92.20558929443359375
1420511893.1068766117;-82.89456939697265625;-85.83753204345703125
1420512892.1078755856;-81.93660736083984375;-93.58596038818359375
1420513891.1088745594;-82.122711181640625;-92.9297943115234375
1420514890.1098735332;-83.83507537841796875;-85.8180999755859375
1420515889.1108725071;-82.78987884521484375;-85.87189483642578125
1420516888.1118714809;-82.60063934326171875;-84.84903717041015625
1420517887.1128704548;-83.2759246826171875;-87.01111602783203125
1420518886.1138694286;-82.89788055419921875;-87.62760162353515625
1420519885.1148684025;-82.1466522216796875;-86.03200531005859375
1420520884.1158673763;-82.2545623779296875;-86.04827880859375
1420521883.1168663502;-83.668914794921875;-87.572265625
1420522882.117865324;-86.22483062744140625;-88.070068359375
1420523881.1188642979;-84.12894439697265625;-90.07559967041015625
1420524880.1198632717;-83.096466064453125;-92.19997406005859375
1420525879.1208622456;-83.01427459716796875;-87.8365631103515625
1420526878.1218612194;-83.07012176513671875;-84.061859130859375
1420527877.1228601933;-83.24530792236328125;-84.6215057373046875
1420528876.1238591671;-82.89888763427734375;-86.8630523681640625
1420529875.1248581409;-81.5316162109375;-85.19190216064453125
1420530874.1258571148;-80.46060943603515625;-81.6465606689453125
1420531873.1268560886;-80.08571624755859375;-81.82532501220703125
1420532872.1278550625;-80.4073638916015625;-85.5935211181640625
1420533871.1288540363;-81.6799774169921875;-87.8430633544921875
1420534870.1298530102;-83.07602691650390625;-89.76055145263671875
1420535869.130851984;-84.66408538818359375;-88.47640228271484375
1420536868.1318509579;-83.092926025390625;-89.54520416259765625
1420537867.1328499317;-81.5413665771484375;-88.0915374755859375
1420538866.1338489056;-81.51349639892578125;-85.90494537353515625
1420539865.1348478794;-82.730194091796875;-87.88378143310546875
1420540864.1358468533;-85.75786590576171875;-89.98841094970703125
1420541863.1368458271;-82.25482940673828125;-89.83182525634765625
1420542862.1378448009;-80.50463104248046875;-87.52153778076171875
1420543861.1388437748;-80.37084197998046875;-85.2992706298828125
1420544860.1398427486;-81.593719482421875;-84.02541351318359375
1420545859.1408417225;-83.54474639892578125;-86.97646331787109375
1420546858.1418406963;-83.93613433837890625;-88.59943389892578125
1420547857.1428396702;-83.73297119140625;-91.22785186767578125
1420548856.143838644;-83.1410675048828125;-92.21965789794921875
1420549855.1448376179;-84.184814453125;-92.87512969970703125
1420550854.1458365917;-74.4280548095703125;-98.22637176513671875
1420551853.1468355656;-62.799800872802734375;-69.68585968017578125
1420552852.1478345394;-56.19255828857421875;-56.19255828857421875
1420553851.1488335133;-52.791500091552734375;-52.791500091552734375
1420554850.1498324871;-52.078586578369140625;-52.078586578369140625
1420555849.150831461;-52.5639801025390625;-52.5639801025390625
1420556848.1518304348;-55.5809478759765625;-55.5809478759765625
1420557847.1528294086;-61.578311920166015625;-67.50498199462890625
1420558846.1538283825;-71.145172119140625;-81.26673126220703125
1420559845.1548273563;-85.35579681396484375;-93.0570068359375
1420560844.1558263302;-84.59981536865234375;-84.59981536865234375
1420561843.156825304;-83.28670501708984375;-83.28670501708984375
1420562842.1578242779;-83.35831451416015625;-89.6341552734375
1420563841.1588232517;-85.5612335205078125;-93.02158355712890625
1420564840.1598222256;-85.3690032958984375;-94.4787139892578125
1420565839.1608211994;-84.66126251220703125;-93.98339080810546875
1420566838.1618201733;-86.2919464111328125;-96.2650909423828125
1420567837.1628191471;-83.9646148681640625;-100.9717254638671875
1420568836.163818121;-82.5717315673828125;-97.0533294677734375
1420569835.1648170948;-82.70400238037109375;-89.3124237060546875
1420570834.1658160686;-84.0265960693359375;-87.80953216552734375
1420571833.1668150425;-83.53609466552734375;-89.53575897216796875
1420572832.1678140163;-83.74433135986328125;-87.09711456298828125
1420573831.1688129902;-84.937744140625;-85.9166259765625
1420574830.169811964;-85.43817138671875;-87.24765777587890625
1420575829.1708109379;-86.67417144775390625;-89.12938690185546875
1420576828.1718099117;-88.44022369384765625;-94.34532928466796875
1420577827.1728088856;-82.4876861572265625;-88.6233062744140625
1420578826.1738078594;-80.3486175537109375;-90.37889862060546875
1420579825.1748068333;-80.08977508544921875;-98.73122406005859375
1420580824.1758058071;-80.51607513427734375;-99.82328033447265625
1420581823.176804781;-81.96219635009765625;-88.30157470703125
1420582822.1778037548;-81.61930084228515625;-86.25063323974609375
1420583821.1788027287;-80.3055572509765625;-90.80272674560546875
1420584820.1798017025;-80.16071319580078125;-91.7847442626953125
1420585819.1808006763;-80.7045745849609375;-89.59722900390625
1420586818.1817996502;-82.873077392578125;-88.07750701904296875
1420587817.182798624;-86.95322418212890625;-91.17608642578125
1420588816.1837975979;-87.03144073486328125;-92.5030364990234375
1420589815.1847965717;-85.4840087890625;-89.09842681884765625
1420590814.1857955456;-85.31516265869140625;-87.5167236328125
1420591813.1867945194;-86.903106689453125;-89.27034759521484375
1420592812.1877934933;-88.31231689453125;-89.6412506103515625
1420593811.1887924671;-89.1664886474609375;-92.7627716064453125
1420594810.189791441;-88.51242828369140625;-92.9673614501953125
1420595809.1907904148;-84.40270233154296875;-93.3776092529296875
1420596808.1917893887;-82.49726104736328125;-91.89055633544921875
1420597807.1927883625;-82.41689300537109375;-88.544464111328125
1420598806.1937873363;-83.68398284912109375;-90.55826568603515625
1420599805.1947863102;-86.2389068603515625;-92.69795989990234375
1420600804.195785284;-85.9340362548828125;-90.9350433349609375
1420601803.1967842579;-85.9029541015625;-98.796478271484375
1420602802.1977832317;-88.00569915771484375;-92.77728271484375
1420603801.1987822056;-89.305633544921875;-96.6612396240234375
1420604800.1997811794;-83.72632598876953125;-93.28636932373046875
1420605799.2007801533;-83.1627197265625;-90.511383056640625
1420606798.2017791271;-83.638763427734375;-87.8117828369140625
1420607797.202778101;-82.97322845458984375;-92.522979736328125
1420608796.2037770748;-81.67901611328125;-97.34967803955078125
1420609795.2047760487;-80.8066253662109375;-99.444427490234375
1420610794.2057750225;-80.73111724853515625;-87.33514404296875
1420611793.2067739964;-81.2939453125;-82.75278472900390625
1420612792.2077729702;-80.860107421875;-83.1562347412109375
1420613791.208771944;-80.537689208984375;-83.22946929931640625
1420614790.2097709179;-80.74294281005859375;-84.623016357421875
1420615789.2107698917;-82.45951080322265625;-89.026336669921875
1420616788.2117688656;-86.39754486083984375;-93.71878814697265625
1420617787.2127678394;-87.977691650390625;-93.06020355224609375
1420618786.2137668133;-84.665740966796875;-97.62987518310546875
1420619785.2147657871;-82.08321380615234375;-92.34198760986328125
1420620784.215764761;-81.20510101318359375;-88.7535858154296875
1420621783.2167637348;-81.3868408203125;-85.46729278564453125
1420622782.2177627087;-80.82762908935546875;-87.68036651611328125
1420623781.2187616825;-80.76647186279296875;-88.19107818603515625
1420624780.2197606564;-82.16178131103515625;-88.27327728271484375
1420625779.2207596302;-84.82970428466796875;-88.87311553955078125
1420626778.221758604;-82.972808837890625;-96.91745758056640625
1420627777.2227575779;-82.794769287109375;-103.64832305908203125
1420628776.2237565517;-83.79628753662109375;-94.752166748046875
1420629775.2247555256;-87.6209716796875;-90.05609893798828125
1420630774.2257544994;-84.1151885986328125;-90.14592742919921875
1420631773.2267534733;-82.4804534912109375;-95.5390472412109375
1420632772.2277524471;-81.97739410400390625;-101.300048828125
1420633771.228751421;-82.00122833251953125;-91.3521728515625
1420634770.2297503948;-82.63559722900390625;-84.859954833984375
1420635769.2307493687;-82.63501739501953125;-85.62050628662109375
1420636768.2317483425;-82.86663055419921875;-87.843231201171875
1420637767.2327473164;-82.40093994140625;-91.5245361328125
1420638766.2337462902;-82.7710113525390625;-95.5952606201171875
1420639765.2347452641;-85.673919677734375;-90.30663299560546875
1420640764.2357442379;-86.0346832275390625;-94.83602142333984375
1420641763.2367432117;-86.1614227294921875;-88.17560577392578125
1420642762.2377421856;-86.815399169921875;-87.35308837890625
1420643761.2387411594;-86.45233154296875;-90.68526458740234375
1420644760.2397401333;-84.914215087890625;-94.978759765625
1420645759.2407391071;-84.523834228515625;-91.66570281982421875
1420646758.241738081;-85.0864715576171875;-88.3118438720703125
1420647757.2427370548;-84.839569091796875;-91.21561431884765625
1420648756.2437360287;-84.02158355712890625;-87.739013671875
1420649755.2447350025;-81.2382965087890625;-91.11690521240234375
1420650754.2457339764;-80.41573333740234375;-94.415985107421875
1420651753.2467329502;-80.43817901611328125;-93.57151031494140625
1420652752.2477319241;-81.45101165771484375;-91.589630126953125
1420653751.2487308979;-80.8885040283203125;-86.531524658203125
1420654750.2497298717;-79.6597442626953125;-83.5540008544921875
1420655749.2507288456;-79.9198760986328125;-83.538116455078125
1420656748.2517278194;-83.11504364013671875;-89.26076507568359375
1420657747.2527267933;-82.7526702880859375;-92.66089630126953125
1420658746.2537257671;-80.93056488037109375;-93.862518310546875
1420659745.254724741;-80.9586181640625;-90.757171630859375
1420660744.2557237148;-82.659332275390625;-91.50583648681640625
1420661743.2567226887;-84.72489166259765625;-89.5522003173828125
1420662742.2577216625;-85.10079193115234375;-86.11244964599609375
1420663741.2587206364;-85.123748779296875;-86.845123291015625
1420664740.2597196102;-84.60224151611328125;-86.5796661376953125
1420665739.2607185841;-81.60955047607421875;-88.6671142578125
1420666738.2617175579;-80.09598541259765625;-88.20581817626953125
1420667737.2627165318;-80.0246429443359375;-82.9833526611328125
1420668736.2637155056;-81.25701904296875;-83.6708984375
1420669735.2647144794;-84.550079345703125;-87.59786224365234375
1420670734.2657134533;-86.44084930419921875;-87.22747802734375
1420671733.2667124271;-84.65129852294921875;-94.59806060791015625
1420672732.267711401;-84.275390625;-89.80313873291015625
1420673731.2687103748;-82.7275390625;-85.9394989013671875
1420674730.2697093487;-81.3797149658203125;-89.37705230712890625
1420675729.2707083225;-81.131134033203125;-89.0410919189453125
1420676728.2717072964;-81.57330322265625;-87.47026824951171875
1420677727.2727062702;-83.45503997802734375;-87.46929931640625
1420678726.2737052441;-86.23363494873046875;-87.9088592529296875
1420679725.2747042179;-87.59996795654296875;-90.045074462890625
1420680724.2757031918;-85.74697113037109375;-90.87783050537109375
1420681723.2767021656;-85.47187042236328125;-89.50606536865234375
1420682722.2777011395;-85.7425079345703125;-87.6984405517578125
1420683721.2787001133;-84.81551361083984375;-88.6934051513671875
1420684720.2796990871;-84.7124481201171875;-88.234222412109375
1420685719.280698061;-83.14781951904296875;-87.670166015625
1420686718.2816970348;-82.3828887939453125;-88.97049713134765625
1420687717.2826960087;-82.69319915771484375;-90.11248016357421875
1420688716.2836949825;-86.483642578125;-93.01214599609375
1420689715.2846939564;-86.871124267578125;-89.232208251953125
1420690714.2856929302;-86.768585205078125;-91.9000244140625
1420691713.2866919041;-87.9516143798828125;-96.42357635498046875
1420692712.2876908779;-83.4231414794921875;-91.8035430908203125
1420693711.2886898518;-82.63602447509765625;-93.66408538818359375
1420694710.2896888256;-83.13014984130859375;-94.29463958740234375
1420695709.2906877995;-86.27034759521484375;-90.7446746826171875
1420696708.2916867733;-86.59770965576171875;-96.2111663818359375
1420697707.2926857471;-86.66197967529296875;-94.77930450439453125
1420698706.293684721;-85.49100494384765625;-89.04498291015625
1420699705.2946836948;-85.57547760009765625;-89.07170867919921875
1420700704.2956826687;-89.4503936767578125;-93.67826080322265625
1420701703.2966816425;-88.00341796875;-89.880462646484375
1420702702.2976806164;-87.93125152587890625;-90.18731689453125
1420703701.2986795902;-86.9473114013671875;-88.3552398681640625
1420704700.2996785641;-86.86470794677734375;-87.90941619873046875
1420705699.3006775379;-87.0754547119140625;-91.41622161865234375
1420706698.3016765118;-86.6359100341796875;-92.353057861328125
1420707697.3026754856;-86.92364501953125;-88.72779083251953125
1420708696.3036744595;-83.21939849853515625;-87.47942352294921875
1420709695.3046734333;-82.52725982666015625;-94.43369293212890625
1420710694.3056724072;-82.94460296630859375;-99.15484619140625
1420711693.306671381;-85.31452178955078125;-90.2847442626953125
1420712692.3076703548;-87.60650634765625;-93.6618804931640625
1420713691.3086693287;-84.96030426025390625;-92.71793365478515625
1420714690.3096683025;-82.457916259765625;-88.3400421142578125
1420715689.3106672764;-81.16063690185546875;-89.72161865234375
1420716688.3116662502;-81.04628753662109375;-94.8472137451171875
1420717687.3126652241;-81.590362548828125;-95.393310546875
1420718686.3136641979;-82.91313934326171875;-91.92035675048828125
1420719685.3146631718;-84.32781982421875;-90.0914764404296875
1420720684.3156621456;-86.25719451904296875;-88.4326324462890625
1420721683.3166611195;-87.31188201904296875;-92.18289947509765625
1420722682.3176600933;-87.851715087890625;-95.40290069580078125
1420723681.3186590672;-86.09481048583984375;-95.32791900634765625
1420724680.319658041;-84.4159698486328125;-91.9567718505859375
1420725679.3206570148;-84.4634857177734375;-87.74768829345703125
1420726678.3216559887;-85.59444427490234375;-87.73557281494140625
1420727677.3226549625;-85.78258514404296875;-90.3641357421875
1420728676.3236539364;-86.8100128173828125;-90.54413604736328125
1420729675.3246529102;-86.5155487060546875;-88.45624542236328125
1420730674.3256518841;-84.02158355712890625;-86.219757080078125
1420731673.3266508579;-82.5576019287109375;-84.02158355712890625
1420732672.3276498318;-80.62523651123046875;-83.21274566650390625
1420733671.3286488056;-79.2715301513671875;-85.44789886474609375
1420734670.3296477795;-78.92018890380859375;-90.56113433837890625
1420735669.3306467533;-79.1739959716796875;-96.02657318115234375
1420736668.3316457272;-81.1044769287109375;-90.1415863037109375
1420737667.332644701;-83.1817626953125;-87.985137939453125
1420738666.3336436749;-82.3977813720703125;-84.80792999267578125
1420739665.3346426487;-82.47116851806640625;-83.2965240478515625
1420740664.3356416225;-81.6575164794921875;-83.3269500732421875
1420741663.3366405964;-81.37049102783203125;-82.76996612548828125
1420742662.3376395702;-81.44857025146484375;-83.19158935546875
1420743661.3386385441;-82.3727569580078125;-84.72039031982421875
1420744660.3396375179;-83.55126190185546875;-88.262237548828125
1420745659.3406364918;-83.53702545166015625;-94.27538299560546875
1420746658.3416354656;-85.811767578125;-95.0673370361328125
1420747657.3426344395;-85.5813751220703125;-91.1699676513671875
1420748656.3436334133;-84.59648895263671875;-90.506622314453125
1420749655.3446323872;-82.46152496337890625;-94.76465606689453125
1420750654.345631361;-80.8015899658203125;-95.53173828125
1420751653.3466303349;-79.914794921875;-92.6338348388671875
1420752652.3476293087;-79.70245361328125;-94.1591796875
1420753651.3486282825;-79.85291290283203125;-95.43715667724609375
1420754650.3496272564;-81.00548553466796875;-94.56166839599609375
1420755649.3506262302;-83.7788848876953125;-92.516571044921875
1420756648.3516252041;-89.1798553466796875;-95.62866973876953125
1420757647.3526241779;-88.20296478271484375;-99.04828643798828125
1420758646.3536231518;-86.25397491455078125;-89.0899505615234375
1420759645.3546221256;-86.05776214599609375;-86.6791229248046875
1420760644.3556210995;-86.739044189453125;-88.35158538818359375
1420761643.3566200733;-88.9973297119140625;-92.77713775634765625
1420762642.3576190472;-90.24887847900390625;-95.2132720947265625
1420763641.358618021;-87.9987945556640625;-97.5974884033203125
1420764640.3596169949;-87.1220245361328125;-96.82892608642578125
1420765639.3606159687;-86.5942535400390625;-94.68427276611328125
1420766638.3616149426;-85.5068817138671875;-96.37464141845703125
1420767637.3626139164;-84.8344573974609375;-88.393157958984375
1420768636.3636128902;-84.49893951416015625;-85.85326385498046875
1420769635.3646118641;-84.7078857421875;-89.34661102294921875
1420770634.3656108379;-82.90731048583984375;-96.63318634033203125
1420771633.3666098118;-81.4614105224609375;-97.5252227783203125
1420772632.3676087856;-81.149749755859375;-90.9734344482421875
1420773631.3686077595;-81.14640045166015625;-90.21673583984375
1420774630.3696067333;-81.31292724609375;-97.2886505126953125
1420775629.3706057072;-82.04461669921875;-96.38999176025390625
1420776628.371604681;-83.4766082763671875;-89.7141265869140625
1420777627.3726036549;-84.11284637451171875;-89.0615692138671875
1420778626.3736026287;-84.11721038818359375;-87.03842926025390625
1420779625.3746016026;-83.9905853271484375;-87.7276611328125
1420780624.3756005764;-83.93311309814453125;-88.73477935791015625
1420781623.3765995502;-83.99060821533203125;-85.48735809326171875
1420782622.3775985241;-81.31897735595703125;-83.7312774658203125
1420783621.3785974979;-80.6631317138671875;-83.80797576904296875
1420784620.3795964718;-81.25054168701171875;-87.13848114013671875
1420785619.3805954456;-85.884185791015625;-89.236846923828125
1420786618.3815944195;-82.40901947021484375;-87.06267547607421875
1420787617.3825933933;-82.295440673828125;-93.44651031494140625
1420788616.3835923672;-83.3380889892578125;-89.65317535400390625
1420789615.384591341;-83.35176849365234375;-85.490966796875
1420790614.3855903149;-82.840179443359375;-85.7220611572265625
1420791613.3865892887;-83.09687042236328125;-85.66027069091796875
1420792612.3875882626;-85.39537811279296875;-87.27280426025390625
1420793611.3885872364;-86.59820556640625;-88.70703125
1420794610.3895862103;-86.47231292724609375;-89.44640350341796875
1420795609.3905851841;-85.4449462890625;-88.646331787109375
1420796608.3915841579;-84.40445709228515625;-90.1201019287109375
1420797607.3925831318;-83.41876983642578125;-91.23361968994140625
1420798606.3935821056;-83.3978729248046875;-92.1602325439453125
1420799605.3945810795;-84.7032928466796875;-89.19405364990234375
1420800604.3955800533;-85.85706329345703125;-89.5592803955078125
1420801603.3965790272;-86.0775604248046875;-89.336517333984375
1420802602.397578001;-87.19878387451171875;-90.96886444091796875
1420803601.3985769749;-87.27767181396484375;-97.3449859619140625
1420804600.3995759487;-89.5473480224609375;-101.00084686279296875
1420805599.4005749226;-91.72542572021484375;-97.39530181884765625
1420806598.4015738964;-86.942901611328125;-90.72066497802734375
1420807597.4025728703;-85.62220001220703125;-89.1754150390625
1420808596.4035718441;-85.74013519287109375;-89.78112030029296875
1420809595.4045708179;-87.28440093994140625;-88.40581512451171875
1420810594.4055697918;-87.34604644775390625;-88.84522247314453125
1420811593.4065687656;-84.21723175048828125;-91.97560882568359375
1420812592.4075677395;-83.60855865478515625;-102.61789703369140625
1420813591.4085667133;-84.06451416015625;-93.95444488525390625
1420814590.4095656872;-85.90435028076171875;-94.62915802001953125
1420815589.410564661;-84.95212554931640625;-94.07640838623046875
1420816588.4115636349;-84.5593109130859375;-92.95128631591796875
1420817587.4125626087;-85.0570220947265625;-94.701629638671875
1420818586.4135615826;-87.65140533447265625;-94.21202850341796875
1420819585.4145605564;-88.452667236328125;-94.2520904541015625
1420820584.4155595303;-88.52872467041015625;-96.5055389404296875
1420821583.4165585041;-87.26912689208984375;-99.43499755859375
1420822582.417557478;-86.646453857421875;-95.10494232177734375
1420823581.4185564518;-86.71208953857421875;-91.79116058349609375
1420824580.4195554256;-85.60988616943359375;-91.48101806640625
1420825579.4205543995;-85.8748931884765625;-89.659637451171875
1420826578.4215533733;-87.91481781005859375;-91.95606231689453125
1420827577.4225523472;-88.98897552490234375;-98.8397369384765625
1420828576.423551321;-87.7216949462890625;-95.67388916015625
1420829575.4245502949;-84.208038330078125;-89.9519805908203125
1420830574.4255492687;-82.37026214599609375;-88.21563720703125
1420831573.4265482426;-82.34770965576171875;-87.962677001953125
1420832572.4275472164;-84.03701019287109375;-90.99468994140625
1420833571.4285461903;-88.12758636474609375;-92.575164794921875
1420834570.4295451641;-89.69342041015625;-92.041778564453125
1420835569.430544138;-89.14264678955078125;-92.1078643798828125
1420836568.4315431118;-87.4723358154296875;-90.50952911376953125
1420837567.4325420856;-86.90288543701171875;-91.66428375244140625
1420838566.4335410595;-87.2402496337890625;-93.943511962890625
1420839565.4345400333;-87.52930450439453125;-93.8197479248046875
1420840564.4355390072;-86.70214080810546875;-91.44219970703125
1420841563.436537981;-82.50231170654296875;-85.87795257568359375
1420842562.4375369549;-80.95813751220703125;-85.35375213623046875
1420843561.4385359287;-80.97878265380859375;-87.82979583740234375
1420844560.4395349026;-82.758514404296875;-88.12359619140625
1420845559.4405338764;-88.33811187744140625;-95.5940704345703125
1420846558.4415328503;-88.1298370361328125;-91.4547576904296875
1420847557.4425318241;-87.99826812744140625;-93.43262481689453125
1420848556.443530798;-88.4575653076171875;-90.30912017822265625
1420849555.4445297718;-88.45496368408203125;-91.55054473876953125
1420850554.4455287457;-87.63727569580078125;-91.421875
1420851553.4465277195;-84.54347991943359375;-91.33986663818359375
1420852552.4475266933;-83.89444732666015625;-89.32305908203125
1420853551.4485256672;-84.12255096435546875;-85.9100341796875
1420854550.449524641;-84.70305633544921875;-85.0288238525390625
1420855549.4505236149;-84.724609375;-85.02782440185546875
1420856548.4515225887;-83.7148895263671875;-84.660614013671875
1420857547.4525215626;-82.9010009765625;-83.7791748046875
1420858546.4535205364;-82.8206329345703125;-83.8340301513671875
1420859545.4545195103;-83.37115478515625;-84.338897705078125
1420860544.4555184841;-84.36893463134765625;-85.8481292724609375
1420861543.456517458;-84.3530731201171875;-85.93912506103515625
1420862542.4575164318;-84.60973358154296875;-85.50392913818359375
1420863541.4585154057;-84.944671630859375;-89.2107391357421875
1420864540.4595143795;-87.91620635986328125;-93.88707733154296875
1420865539.4605133533;-86.359771728515625;-92.3426971435546875
1420866538.4615123272;-85.61753082275390625;-88.48722076416015625
1420867537.462511301;-85.99134063720703125;-87.62213134765625
1420868536.4635102749;-88.28356170654296875;-91.718505859375
1420869535.4645092487;-86.99918365478515625;-96.8090972900390625
1420870534.4655082226;-85.64173126220703125;-93.27884674072265625
1420871533.4665071964;-85.908782958984375;-90.4078216552734375
1420872532.4675061703;-87.22493743896484375;-90.92446136474609375
1420873531.4685051441;-87.27179718017578125;-91.84181976318359375
1420874530.469504118;-88.78768157958984375;-94.75768280029296875
1420875529.4705030918;-89.212860107421875;-109.5629119873046875
1420876528.4715020657;-90.99228668212890625;-97.79943084716796875
1420877527.4725010395;-91.11841583251953125;-95.7011566162109375
1420878526.4735000134;-89.16176605224609375;-98.331878662109375
1420879525.4744989872;-86.25328826904296875;-92.3483734130859375
1420880524.475497961;-85.98313140869140625;-87.9041290283203125
1420881523.4764969349;-84.7107696533203125;-86.79734039306640625
1420882522.4774959087;-84.700592041015625;-86.61550140380859375
1420883521.4784948826;-85.955291748046875;-87.915374755859375
1420884520.4794938564;-86.59400177001953125;-90.68328094482421875
1420885519.4804928303;-88.83875274658203125;-91.29190826416015625
1420886518.4814918041;-87.53562164306640625;-92.6141357421875
1420887517.482490778;-86.59429168701171875;-91.50530242919921875
1420888516.4834897518;-85.65064239501953125;-86.96087646484375
1420889515.4844887257;-85.36521148681640625;-86.161407470703125
1420890514.4854876995;-85.09316253662109375;-87.352569580078125
1420891513.4864866734;-83.824005126953125;-96.34464263916015625
1420892512.4874856472;-83.02118682861328125;-89.4843902587890625
1420893511.488484621;-83.14751434326171875;-84.39154052734375
1420894510.4894835949;-83.43079376220703125;-87.96916961669921875
1420895509.4904825687;-84.5309600830078125;-104.16841888427734375
1420896508.4914815426;-87.54236602783203125;-94.34531402587890625
1420897507.4924805164;-87.09468841552734375;-93.01988983154296875
1420898506.4934794903;-87.226409912109375;-92.48761749267578125
1420899505.4944784641;-86.7918853759765625;-93.02716064453125
1420900504.495477438;-86.81923675537109375;-89.56859588623046875
1420901503.4964764118;-88.21784210205078125;-91.08290863037109375
1420902502.4974753857;-87.47475433349609375;-90.36733245849609375
1420903501.4984743595;-85.2213897705078125;-91.03351593017578125
1420904500.4994733334;-84.03543853759765625;-90.36572265625
