Type;FSVA3044;
Version;1.31;
Date;24.Mar 2026;
Mode;ANALYZER;
Preamplifier;OFF;
Transducer;OFF;
Center Freq;1420405000.000000;Hz
Freq Offset;0.000000;Hz
Start;1419905000.000000;Hz
Stop;1420905000.000000;Hz
Span;1000000.000000;Hz
Ref Level;20.000000;dBm
Level Offset;0.000000;dB
Rf Att;30.000000;dB
El Att;0.000000;dB
RBW;3000.000000;Hz
VBW;1000.000000;Hz
SWT;0.002100;s
Sweep Count;0;
Window;1;TOI
Ref Position;100.000000;%
Level Range;100.000000;dB
x-Axis;LIN;
y-Axis;LOG;
x-Unit;Hz;
y-Unit;dBm;
Trace;1;
Trace Mode;CLR/WRITE;
Detector;AUTOPEAK;
Values;1001;
1419905499.5004994869;-88.94310760498046875;-91.09808349609375
1419906498.5014984608;-87.1434783935546875;-89.113525390625
1419907497.5024974346;-86.56597900390625;-88.285186767578125
1419908496.5034964085;-86.85602569580078125;-88.25653076171875
1419909495.5044953823;-88.2569732666015625;-91.70160675048828125
1419910494.5054943562;-88.91054534912109375;-92.55328369140625
1419911493.50649333;-87.7795867919921875;-92.39288330078125
1419912492.5074923038;-87.46044921875;-92.02678680419921875
1419913491.5084912777;-87.65888214111328125;-93.1934814453125
1419914490.5094902515;-87.80107879638671875;-91.62921142578125
1419915489.5104892254;-86.1093597412109375;-94.37799835205078125
1419916488.5114881992;-85.9548187255859375;-93.7239227294921875
1419917487.5124871731;-86.62400054931640625;-94.12485504150390625
1419918486.5134861469;-87.8482666015625;-93.2596282958984375
1419919485.5144851208;-87.01729583740234375;-92.58094024658203125
1419920484.5154840946;-87.15570831298828125;-94.58109283447265625
1419921483.5164830685;-89.50783538818359375;-95.97637939453125
1419922482.5174820423;-90.04854583740234375;-100.6095123291015625
1419923481.5184810162;-86.270355224609375;-93.162750244140625
1419924480.51947999;-85.07503509521484375;-89.24600982666015625
1419925479.5204789639;-85.0611724853515625;-86.575042724609375
1419926478.5214779377;-83.6888580322265625;-87.4706268310546875
1419927477.5224769115;-82.8612823486328125;-90.1658935546875
1419928476.5234758854;-83.17486572265625;-92.4723052978515625
1419929475.5244748592;-86.16771697998046875;-95.42529296875
1419930474.5254738331;-85.14836883544921875;-99.01648712158203125
1419931473.5264728069;-85.06224822998046875;-96.27791595458984375
1419932472.5274717808;-86.3978424072265625;-92.12708282470703125
1419933471.5284707546;-89.160369873046875;-95.3471221923828125
1419934470.5294697285;-88.11667633056640625;-92.411102294921875
1419935469.5304687023;-88.4322357177734375;-93.0576324462890625
1419936468.5314676762;-88.784698486328125;-93.333526611328125
1419937467.53246665;-86.71144866943359375;-93.38347625732421875
1419938466.5334656239;-85.8204193115234375;-99.174285888671875
1419939465.5344645977;-84.8768310546875;-100.0532379150390625
1419940464.5354635715;-83.3784637451171875;-93.07559967041015625
1419941463.5364625454;-82.19451141357421875;-90.20253753662109375
1419942462.5374615192;-82.06183624267578125;-87.606231689453125
1419943461.5384604931;-82.84575653076171875;-85.29895782470703125
1419944460.5394594669;-83.3333587646484375;-88.69182586669921875
1419945459.5404584408;-83.26689910888671875;-92.94474029541015625
1419946458.5414574146;-83.800872802734375;-95.6292877197265625
1419947457.5424563885;-85.55556488037109375;-94.4451446533203125
1419948456.5434553623;-87.98381805419921875;-92.17723846435546875
1419949455.5444543362;-89.81621551513671875;-96.51651763916015625
1419950454.54545331;-90.53388214111328125;-95.31244659423828125
1419951453.5464522839;-89.78607940673828125;-99.06505584716796875
1419952452.5474512577;-90.32183837890625;-98.85158538818359375
1419953451.5484502316;-91.6982421875;-94.02849578857421875
1419954450.5494492054;-90.16878509521484375;-92.80995941162109375
1419955449.5504481792;-88.95833587646484375;-91.3965606689453125
1419956448.5514471531;-88.64070892333984375;-92.8098602294921875
1419957447.5524461269;-86.9871978759765625;-89.5868682861328125
1419958446.5534451008;-84.97933197021484375;-88.860687255859375
1419959445.5544440746;-84.56353759765625;-86.43848419189453125
1419960444.5554430485;-84.766143798828125;-85.8571624755859375
1419961443.5564420223;-84.66949462890625;-88.80931854248046875
1419962442.5574409962;-85.1680755615234375;-95.484130859375
1419963441.55843997;-87.8602294921875;-102.86614227294921875
1419964440.5594389439;-90.21022796630859375;-107.51831817626953125
1419965439.5604379177;-88.77789306640625;-101.16794586181640625
1419966438.5614368916;-89.87285614013671875;-93.60986328125
1419967437.5624358654;-89.6872406005859375;-93.70609283447265625
1419968436.5634348392;-89.24539947509765625;-92.52178955078125
1419969435.5644338131;-87.34087371826171875;-93.61890411376953125
1419970434.5654327869;-87.282318115234375;-95.48702239990234375
1419971433.5664317608;-88.72359466552734375;-101.59716033935546875
1419972432.5674307346;-86.404571533203125;-95.92778778076171875
1419973431.5684297085;-86.17722320556640625;-92.8458099365234375
1419974430.5694286823;-86.87438201904296875;-90.633148193359375
1419975429.5704276562;-86.96187591552734375;-91.11319732666015625
1419976428.57142663;-87.34870147705078125;-93.32654571533203125
1419977427.5724256039;-90.764373779296875;-95.98520660400390625
1419978426.5734245777;-89.4723052978515625;-98.50983428955078125
1419979425.5744235516;-89.713897705078125;-100.8607177734375
1419980424.5754225254;-90.34198760986328125;-95.56713104248046875
1419981423.5764214993;-89.5183868408203125;-92.66561126708984375
1419982422.5774204731;-89.52114105224609375;-92.62085723876953125
1419983421.5784194469;-89.74980926513671875;-91.9996795654296875
1419984420.5794184208;-87.382080078125;-89.80206298828125
1419985419.5804173946;-85.8007049560546875;-88.8351287841796875
1419986418.5814163685;-85.74451446533203125;-87.2596893310546875
1419987417.5824153423;-86.77104949951171875;-89.0010833740234375
1419988416.5834143162;-88.4656524658203125;-92.85173797607421875
1419989415.58441329;-88.61377716064453125;-96.66384124755859375
1419990414.5854122639;-86.53781890869140625;-91.662689208984375
1419991413.5864112377;-84.86418914794921875;-89.9851837158203125
1419992412.5874102116;-84.41217041015625;-88.944091796875
1419993411.5884091854;-84.50408935546875;-88.43154144287109375
1419994410.5894081593;-85.2272796630859375;-90.9118194580078125
1419995409.5904071331;-85.93222808837890625;-93.43744659423828125
1419996408.5914061069;-86.32820892333984375;-96.8966522216796875
1419997407.5924050808;-86.57537078857421875;-94.9571380615234375
1419998406.5934040546;-87.6763458251953125;-91.3019561767578125
1419999405.5944030285;-91.52140045166015625;-94.5033111572265625
1420000404.5954020023;-91.87949371337890625;-95.31787109375
1420001403.5964009762;-92.03443145751953125;-95.95049285888671875
1420002402.59739995;-92.54354095458984375;-95.62140655517578125
1420003401.5983989239;-88.38573455810546875;-93.1898345947265625
1420004400.5993978977;-85.5351715087890625;-90.47341156005859375
1420005399.6003968716;-84.59503936767578125;-89.0855255126953125
1420006398.6013958454;-84.69622039794921875;-87.5281524658203125
1420007397.6023948193;-85.2074432373046875;-89.9612884521484375
1420008396.6033937931;-85.78841400146484375;-98.628936767578125
1420009395.604392767;-87.9736328125;-90.8947601318359375
1420010394.6053917408;-87.987945556640625;-91.76554107666015625
1420011393.6063907146;-88.519378662109375;-98.86775970458984375
1420012392.6073896885;-89.2879638671875;-91.75844573974609375
1420013391.6083886623;-87.5564422607421875;-90.6777191162109375
1420014390.6093876362;-84.9621429443359375;-99.08931732177734375
1420015389.61038661;-84.4219818115234375;-92.69153594970703125
1420016388.6113855839;-84.6741485595703125;-87.88901519775390625
1420017387.6123845577;-86.290252685546875;-88.02321624755859375
1420018386.6133835316;-88.33693695068359375;-93.96410369873046875
1420019385.6143825054;-88.82247161865234375;-97.32654571533203125
1420020384.6153814793;-85.65605926513671875;-97.95511627197265625
1420021383.6163804531;-84.4870758056640625;-96.78531646728515625
1420022382.617379427;-83.87244415283203125;-97.57292938232421875
1420023381.6183784008;-83.593902587890625;-96.7349090576171875
1420024380.6193773746;-83.592803955078125;-95.62218475341796875
1420025379.6203763485;-83.86830902099609375;-92.88072967529296875
1420026378.6213753223;-84.7838592529296875;-89.339263916015625
1420027377.6223742962;-87.0349273681640625;-88.73545074462890625
1420028376.62337327;-87.29798126220703125;-94.82735443115234375
1420029375.6243722439;-87.24337005615234375;-94.9998779296875
1420030374.6253712177;-88.09728240966796875;-90.94258880615234375
1420031373.6263701916;-86.40694427490234375;-91.37868499755859375
1420032372.6273691654;-85.6243896484375;-91.461944580078125
1420033371.6283681393;-85.60697174072265625;-89.06728363037109375
1420034370.6293671131;-86.2490081787109375;-89.66495513916015625
1420035369.630366087;-88.03774261474609375;-91.2256927490234375
1420036368.6313650608;-88.925537109375;-91.75801849365234375
1420037367.6323640347;-87.06797027587890625;-92.5173187255859375
1420038366.6333630085;-86.77264404296875;-88.70745086669921875
1420039365.6343619823;-86.61962127685546875;-88.3596038818359375
1420040364.6353609562;-87.2623443603515625;-90.10707855224609375
1420041363.63635993;-87.28406524658203125;-90.22103118896484375
1420042362.6373589039;-86.48484039306640625;-91.0640716552734375
1420043361.6383578777;-86.26934051513671875;-90.80716705322265625
1420044360.6393568516;-85.85321044921875;-88.10674285888671875
1420045359.6403558254;-85.4936981201171875;-91.8365478515625
1420046358.6413547993;-85.96797943115234375;-90.8553619384765625
1420047357.6423537731;-87.686126708984375;-89.18035125732421875
1420048356.643352747;-88.4425506591796875;-90.5555572509765625
1420049355.6443517208;-85.78155517578125;-90.68520355224609375
1420050354.6453506947;-85.3092803955078125;-90.02065277099609375
1420051353.6463496685;-85.84679412841796875;-88.276275634765625
1420052352.6473486423;-85.5023193359375;-89.88006591796875
1420053351.6483476162;-85.39599609375;-90.15171051025390625
1420054350.64934659;-86.2996826171875;-87.8419342041015625
1420055349.6503455639;-86.79981231689453125;-91.84295654296875
1420056348.6513445377;-88.18187713623046875;-92.2280731201171875
1420057347.6523435116;-85.16306304931640625;-89.7253265380859375
1420058346.6533424854;-84.49979400634765625;-88.29372406005859375
1420059345.6543414593;-84.83502960205078125;-87.1150360107421875
1420060344.6553404331;-87.1786346435546875;-90.75081634521484375
1420061343.656339407;-88.48767852783203125;-99.77075958251953125
1420062342.6573383808;-89.87226104736328125;-106.4403533935546875
1420063341.6583373547;-88.78173828125;-100.65435791015625
1420064340.6593363285;-87.18004608154296875;-92.37467193603515625
1420065339.6603353024;-86.08298492431640625;-88.9752044677734375
1420066338.6613342762;-85.63409423828125;-87.63434600830078125
1420067337.66233325;-85.6966400146484375;-88.15621185302734375
1420068336.6633322239;-87.2665557861328125;-90.39809417724609375
1420069335.6643311977;-90.4811553955078125;-95.00461578369140625
1420070334.6653301716;-87.5875091552734375;-92.6006622314453125
1420071333.6663291454;-86.6699676513671875;-89.18170166015625
1420072332.6673281193;-86.810394287109375;-88.658447265625
1420073331.6683270931;-87.252197265625;-89.25011444091796875
1420074330.669326067;-87.9904632568359375;-90.08229827880859375
1420075329.6703250408;-86.3531036376953125;-97.92491912841796875
1420076328.6713240147;-85.21448516845703125;-103.0518798828125
1420077327.6723229885;-84.405914306640625;-103.37281036376953125
1420078326.6733219624;-84.1493682861328125;-95.28075408935546875
1420079325.6743209362;-84.34047698974609375;-91.51766204833984375
1420080324.67531991;-85.82611846923828125;-90.0102691650390625
1420081323.6763188839;-89.05217742919921875;-92.73258209228515625
1420082322.6773178577;-91.66585540771484375;-104.04653167724609375
1420083321.6783168316;-90.00499725341796875;-94.6617584228515625
1420084320.6793158054;-88.09085845947265625;-91.912078857421875
1420085319.6803147793;-88.09830474853515625;-91.25252532958984375
1420086318.6813137531;-90.17169952392578125;-93.95000457763671875
1420087317.682312727;-89.22891998291015625;-94.21425628662109375
1420088316.6833117008;-85.46935272216796875;-91.707916259765625
1420089315.6843106747;-84.85256195068359375;-87.84293365478515625
1420090314.6853096485;-85.34610748291015625;-87.1534881591796875
1420091313.6863086224;-86.29970550537109375;-87.50391387939453125
1420092312.6873075962;-86.46253204345703125;-87.632781982421875
1420093311.6883065701;-87.7470550537109375;-90.706146240234375
1420094310.6893055439;-88.86400604248046875;-95.7430572509765625
1420095309.6903045177;-89.027099609375;-98.15398406982421875
1420096308.6913034916;-87.08579254150390625;-97.265045166015625
1420097307.6923024654;-84.49489593505859375;-93.7304840087890625
1420098306.6933014393;-83.00060272216796875;-93.00890350341796875
1420099305.6943004131;-82.8551025390625;-89.98183441162109375
1420100304.695299387;-83.67075347900390625;-86.70073699951171875
1420101303.6962983608;-85.7152557373046875;-88.42321014404296875
1420102302.6972973347;-86.24208831787109375;-89.9448394775390625
1420103301.6982963085;-88.005767822265625;-90.965850830078125
1420104300.6992952824;-88.68813323974609375;-90.87879180908203125
1420105299.7002942562;-85.99341583251953125;-91.62258148193359375
1420106298.7012932301;-84.9785003662109375;-93.8855438232421875
1420107297.7022922039;-85.0740509033203125;-91.65234375
1420108296.7032911777;-86.11656951904296875;-87.02044677734375
1420109295.7042901516;-86.25370025634765625;-87.6826629638671875
1420110294.7052891254;-86.8040008544921875;-96.576568603515625
1420111293.7062880993;-87.53215789794921875;-95.770477294921875
1420112292.7072870731;-88.8157806396484375;-90.4019012451171875
1420113291.708286047;-89.4045257568359375;-95.56789398193359375
1420114290.7092850208;-86.5571441650390625;-95.5510101318359375
1420115289.7102839947;-85.45969390869140625;-92.01300048828125
1420116288.7112829685;-85.590606689453125;-89.9560089111328125
1420117287.7122819424;-87.6659698486328125;-91.09923553466796875
1420118286.7132809162;-89.22145843505859375;-100.84497833251953125
1420119285.7142798901;-88.82221221923828125;-93.284698486328125
1420120284.7152788639;-88.0727386474609375;-93.24725341796875
1420121283.7162778378;-86.82173919677734375;-98.03032684326171875
1420122282.7172768116;-86.61910247802734375;-100.65769195556640625
1420123281.7182757854;-87.89447021484375;-97.4415283203125
1420124280.7192747593;-88.48448944091796875;-95.10498046875
1420125279.7202737331;-85.9023284912109375;-88.6888427734375
1420126278.721272707;-83.5465850830078125;-85.6391143798828125
1420127277.7222716808;-82.6403961181640625;-84.90914154052734375
1420128276.7232706547;-82.7545013427734375;-85.9862213134765625
1420129275.7242696285;-84.40598297119140625;-86.722381591796875
1420130274.7252686024;-86.5626373291015625;-94.07927703857421875
1420131273.7262675762;-86.82955169677734375;-99.9643707275390625
1420132272.7272665501;-88.11818695068359375;-91.2267608642578125
1420133271.7282655239;-88.408538818359375;-96.0296630859375
1420134270.7292644978;-87.107452392578125;-90.0482330322265625
1420135269.7302634716;-84.73368072509765625;-87.7408905029296875
1420136268.7312624454;-83.82201385498046875;-89.6296539306640625
1420137267.7322614193;-83.83797454833984375;-94.67220306396484375
1420138266.7332603931;-84.95014190673828125;-98.11261749267578125
1420139265.734259367;-88.0776519775390625;-95.18939208984375
1420140264.7352583408;-88.0827789306640625;-95.54004669189453125
1420141263.7362573147;-87.83763885498046875;-92.86993408203125
1420142262.7372562885;-88.6034088134765625;-90.3152923583984375
1420143261.7382552624;-88.53285980224609375;-90.7956390380859375
1420144260.7392542362;-86.17641448974609375;-91.12613677978515625
1420145259.7402532101;-85.1803436279296875;-94.622406005859375
1420146258.7412521839;-85.53139495849609375;-90.00765228271484375
1420147257.7422511578;-87.9989013671875;-92.08655548095703125
1420148256.7432501316;-83.8148651123046875;-94.62627410888671875
1420149255.7442491055;-81.6156158447265625;-99.82410430908203125
1420150254.7452480793;-81.263153076171875;-93.6452178955078125
1420151253.7462470531;-81.67261505126953125;-90.89324188232421875
1420152252.747246027;-83.74701690673828125;-92.75279998779296875
1420153251.7482450008;-88.0626068115234375;-97.4048004150390625
1420154250.7492439747;-85.72766876220703125;-93.75342559814453125
1420155249.7502429485;-83.4639129638671875;-92.31168365478515625
1420156248.7512419224;-83.29155731201171875;-93.56072235107421875
1420157247.7522408962;-84.04045867919921875;-98.40081787109375
1420158246.7532398701;-85.852142333984375;-89.89026641845703125
1420159245.7542388439;-85.05678558349609375;-86.7798309326171875
1420160244.7552378178;-84.80120086669921875;-86.52686309814453125
1420161243.7562367916;-83.63246917724609375;-88.37836456298828125
1420162242.7572357655;-82.48603057861328125;-90.47792816162109375
1420163241.7582347393;-82.56386566162109375;-89.02573394775390625
1420164240.7592337132;-84.74571990966796875;-88.7014312744140625
1420165239.760232687;-89.0416717529296875;-93.839691162109375
1420166238.7612316608;-89.43303680419921875;-92.50180816650390625
1420167237.7622306347;-87.62109375;-89.59420013427734375
1420168236.7632296085;-85.88135528564453125;-89.15224456787109375
1420169235.7642285824;-84.790863037109375;-91.6248016357421875
1420170234.7652275562;-84.66204833984375;-92.8834991455078125
1420171233.7662265301;-85.8377838134765625;-92.8712615966796875
1420172232.7672255039;-89.32427215576171875;-93.88816070556640625
1420173231.7682244778;-87.1813812255859375;-94.560699462890625
1420174230.7692234516;-83.01895904541015625;-97.68958282470703125
1420175229.7702224255;-82.3528594970703125;-100.1178436279296875
1420176228.7712213993;-82.730438232421875;-96.88019561767578125
1420177227.7722203732;-84.77642822265625;-91.3556060791015625
1420178226.773219347;-87.98049163818359375;-91.340545654296875
1420179225.7742183208;-88.1447296142578125;-94.5798187255859375
1420180224.7752172947;-87.8927001953125;-90.74761962890625
1420181223.7762162685;-86.715118408203125;-94.23418426513671875
1420182222.7772152424;-86.2797698974609375;-90.203369140625
1420183221.7782142162;-86.40411376953125;-90.16120147705078125
1420184220.7792131901;-87.742706298828125;-91.84734344482421875
1420185219.7802121639;-88.831390380859375;-90.75803375244140625
1420186218.7812111378;-88.01288604736328125;-89.63585662841796875
1420187217.7822101116;-86.4949188232421875;-89.94451141357421875
1420188216.7832090855;-85.8097686767578125;-90.05313873291015625
1420189215.7842080593;-85.10672760009765625;-88.5311279296875
1420190214.7852070332;-83.48198699951171875;-85.83336639404296875
1420191213.786206007;-82.373138427734375;-85.023101806640625
1420192212.7872049809;-82.3023681640625;-85.768768310546875
1420193211.7882039547;-83.0594940185546875;-85.66120147705078125
1420194210.7892029285;-84.1385040283203125;-88.737335205078125
1420195209.7902019024;-84.26152801513671875;-91.9072723388671875
1420196208.7912008762;-86.17010498046875;-88.79521942138671875
1420197207.7921998501;-87.4392242431640625;-95.614715576171875
1420198206.7931988239;-88.65103912353515625;-100.65453338623046875
1420199205.7941977978;-90.33612060546875;-94.62042999267578125
1420200204.7951967716;-89.198394775390625;-95.78678131103515625
1420201203.7961957455;-86.57947540283203125;-97.16147613525390625
1420202202.7971947193;-85.1278076171875;-93.58638763427734375
1420203201.7981936932;-84.86346435546875;-94.09612274169921875
1420204200.799192667;-84.63849639892578125;-91.3762664794921875
1420205199.8001916409;-84.0659332275390625;-85.58396148681640625
1420206198.8011906147;-83.79965972900390625;-85.14864349365234375
1420207197.8021895885;-84.2095947265625;-89.77187347412109375
1420208196.8031885624;-86.2238922119140625;-92.6037139892578125
1420209195.8041875362;-88.277435302734375;-92.6429901123046875
1420210194.8051865101;-88.12039947509765625;-92.6771697998046875
1420211193.8061854839;-89.69510650634765625;-93.69458770751953125
1420212192.8071844578;-93.7998199462890625;-97.54798126220703125
1420213191.8081834316;-89.66819000244140625;-96.05799102783203125
1420214190.8091824055;-86.95660400390625;-89.9454193115234375
1420215189.8101813793;-85.133056640625;-87.08049774169921875
1420216188.8111803532;-85.0830078125;-88.47328948974609375
1420217187.812179327;-84.8253021240234375;-89.09429168701171875
1420218186.8131783009;-84.65586090087890625;-87.3390045166015625
1420219185.8141772747;-83.1747283935546875;-84.6383514404296875
1420220184.8151762486;-82.880706787109375;-84.029632568359375
1420221183.8161752224;-82.9866180419921875;-84.32164764404296875
1420222182.8171741962;-83.42809295654296875;-87.86208343505859375
1420223181.8181731701;-86.12808990478515625;-101.97791290283203125
1420224180.8191721439;-91.4983978271484375;-95.50435638427734375
1420225179.8201711178;-88.305633544921875;-91.26390838623046875
1420226178.8211700916;-86.3095703125;-88.92690277099609375
1420227177.8221690655;-84.57848358154296875;-86.008026123046875
1420228176.8231680393;-84.03522491455078125;-84.5919647216796875
1420229175.8241670132;-83.9048004150390625;-86.4132232666015625
1420230174.825165987;-84.45874786376953125;-87.66500091552734375
1420231173.8261649609;-87.2839508056640625;-91.3726654052734375
1420232172.8271639347;-88.11003875732421875;-96.21657562255859375
1420233171.8281629086;-91.73058319091796875;-96.63350677490234375
1420234170.8291618824;-90.65914154052734375;-100.303466796875
1420235169.8301608562;-87.995574951171875;-95.09033203125
1420236168.8311598301;-86.8323211669921875;-93.01999664306640625
1420237167.8321588039;-86.6736602783203125;-90.87186431884765625
1420238166.8331577778;-86.82761383056640625;-92.4798583984375
1420239165.8341567516;-87.34268951416015625;-97.2855682373046875
1420240164.8351557255;-88.44295501708984375;-94.6981964111328125
1420241163.8361546993;-86.95159912109375;-92.73097991943359375
1420242162.8371536732;-85.77471160888671875;-93.41439056396484375
1420243161.838152647;-85.61164093017578125;-92.66704559326171875
1420244160.8391516209;-85.986846923828125;-90.8632354736328125
1420245159.8401505947;-87.8610382080078125;-91.72756195068359375
1420246158.8411495686;-92.379974365234375;-97.65239715576171875
1420247157.8421485424;-91.19524383544921875;-100.06024169921875
1420248156.8431475163;-90.7965240478515625;-93.77922821044921875
1420249155.8441464901;-91.3036956787109375;-92.72612762451171875
1420250154.8451454639;-91.561065673828125;-94.59234619140625
1420251153.8461444378;-87.3790283203125;-91.1776580810546875
1420252152.8471434116;-88.54988861083984375;-88.54988861083984375
1420253151.8481423855;-80.485565185546875;-86.31231689453125
1420254150.8491413593;-78.5531463623046875;-78.5531463623046875
1420255149.8501403332;-78.57424163818359375;-78.57424163818359375
1420256148.851139307;-80.45870208740234375;-80.45870208740234375
1420257147.8521382809;-85.60688018798828125;-85.60688018798828125
1420258146.8531372547;-88.08245849609375;-88.08245849609375
1420259145.8541362286;-88.9141693115234375;-94.8646697998046875
1420260144.8551352024;-85.39537811279296875;-88.26731109619140625
1420261143.8561341763;-83.764434814453125;-85.61389923095703125
1420262142.8571331501;-83.54032135009765625;-85.25891876220703125
1420263141.8581321239;-83.80718231201171875;-86.49182891845703125
1420264140.8591310978;-85.363800048828125;-87.369171142578125
1420265139.8601300716;-86.29913330078125;-91.12769317626953125
1420266138.8611290455;-86.39383697509765625;-92.98659515380859375
1420267137.8621280193;-87.4211578369140625;-91.63396453857421875
1420268136.8631269932;-85.017669677734375;-89.37876129150390625
1420269135.864125967;-83.510162353515625;-88.2654876708984375
1420270134.8651249409;-83.285400390625;-87.16014862060546875
1420271133.8661239147;-83.50638580322265625;-87.79155731201171875
1420272132.8671228886;-84.70778656005859375;-91.39704132080078125
1420273131.8681218624;-88.70647430419921875;-96.445556640625
1420274130.8691208363;-84.318450927734375;-93.524261474609375
1420275129.8701198101;-83.27899169921875;-88.11795806884765625
1420276128.871118784;-83.55572509765625;-85.2729949951171875
1420277127.8721177578;-83.45909881591796875;-90.3313446044921875
1420278126.8731167316;-82.92132568359375;-96.56585693359375
1420279125.8741157055;-82.14365386962890625;-93.7351531982421875
1420280124.8751146793;-81.9278106689453125;-86.9704742431640625
1420281123.8761136532;-82.043365478515625;-84.82234954833984375
1420282122.877112627;-82.66246795654296875;-84.09679412841796875
1420283121.8781116009;-83.71685791015625;-85.1489715576171875
1420284120.8791105747;-84.973907470703125;-88.39470672607421875
1420285119.8801095486;-86.21761322021484375;-92.32868194580078125
1420286118.8811085224;-86.80088043212890625;-92.4736328125
1420287117.8821074963;-86.0441131591796875;-89.4053497314453125
1420288116.8831064701;-85.62474822998046875;-87.3901519775390625
1420289115.884105444;-85.66725921630859375;-89.180023193359375
1420290114.8851044178;-86.179046630859375;-91.44586944580078125
1420291113.8861033916;-86.39379119873046875;-91.48241424560546875
1420292112.8871023655;-85.6735687255859375;-90.11769866943359375
1420293111.8881013393;-85.287628173828125;-92.73345184326171875
1420294110.8891003132;-85.9180755615234375;-93.42212677001953125
1420295109.890099287;-87.04708099365234375;-92.42583465576171875
1420296108.8910982609;-86.89359283447265625;-88.57729339599609375
1420297107.8920972347;-87.6615142822265625;-90.4617462158203125
1420298106.8930962086;-89.7216796875;-92.68035125732421875
1420299105.8940951824;-93.46605682373046875;-99.44768524169921875
1420300104.8950941563;-92.57382965087890625;-97.85073089599609375
1420301103.8960931301;-88.6038055419921875;-103.52848052978515625
1420302102.897092104;-85.83182525634765625;-99.03829193115234375
1420303101.8980910778;-83.60503387451171875;-91.67639923095703125
1420304100.8990900517;-81.9004669189453125;-84.4810943603515625
1420305099.9000890255;-81.294525146484375;-82.3489532470703125
1420306098.9010879993;-81.38721466064453125;-83.84447479248046875
1420307097.9020869732;-82.6682281494140625;-85.0021820068359375
1420308096.903085947;-84.63971710205078125;-88.98845672607421875
1420309095.9040849209;-85.027191162109375;-89.0306854248046875
1420310094.9050838947;-88.02132415771484375;-92.439666748046875
1420311093.9060828686;-88.168426513671875;-93.82537078857421875
1420312092.9070818424;-85.1533050537109375;-90.59883880615234375
1420313091.9080808163;-84.4854278564453125;-89.7748260498046875
1420314090.9090797901;-84.51445770263671875;-88.7570343017578125
1420315089.910078764;-83.5957183837890625;-87.39163970947265625
1420316088.9110777378;-83.33229827880859375;-86.3640899658203125
1420317087.9120767117;-83.6154022216796875;-87.093780517578125
1420318086.9130756855;-84.89163970947265625;-89.7361907958984375
1420319085.9140746593;-84.8363189697265625;-90.0382080078125
1420320084.9150736332;-84.36295318603515625;-88.32332611083984375
1420321083.916072607;-84.66599273681640625;-90.906768798828125
1420322082.9170715809;-85.92386627197265625;-97.82100677490234375
1420323081.9180705547;-87.05545806884765625;-90.0655975341796875
1420324080.9190695286;-86.31246185302734375;-90.5067291259765625
1420325079.9200685024;-85.6509552001953125;-88.45404052734375
1420326078.9210674763;-84.0726165771484375;-86.6106109619140625
1420327077.9220664501;-83.79322052001953125;-88.17642974853515625
1420328076.923065424;-84.0462188720703125;-91.02352142333984375
1420329075.9240643978;-84.97093963623046875;-92.1451568603515625
1420330074.9250633717;-86.89612579345703125;-91.856292724609375
1420331073.9260623455;-88.7940826416015625;-92.21723175048828125
1420332072.9270613194;-85.42223358154296875;-92.8133544921875
1420333071.9280602932;-84.91351318359375;-91.9392242431640625
1420334070.929059267;-85.8117523193359375;-92.8043670654296875
1420335069.9300582409;-89.7369384765625;-93.8059844970703125
1420336068.9310572147;-90.099517822265625;-92.43630218505859375
1420337067.9320561886;-88.1519927978515625;-90.08953857421875
1420338066.9330551624;-87.6539306640625;-88.29461669921875
1420339065.9340541363;-87.74999237060546875;-90.15230560302734375
1420340064.9350531101;-89.293426513671875;-91.81389617919921875
1420341063.936052084;-85.8043060302734375;-95.82105255126953125
1420342062.9370510578;-84.6106719970703125;-103.6228790283203125
1420343061.9380500317;-84.68013763427734375;-97.0723419189453125
1420344060.9390490055;-85.54022216796875;-91.2537689208984375
1420345059.9400479794;-85.22629547119140625;-90.5176544189453125
1420346058.9410469532;-85.07901763916015625;-91.62790679931640625
1420347057.942045927;-85.41295623779296875;-92.55475616455078125
1420348056.9430449009;-84.706787109375;-91.9863433837890625
1420349055.9440438747;-51.592517852783203125;-70.25167083740234375
1420350054.9450428486;-32.830821990966796875;-44.47536468505859375
1420351053.9460418224;-19.957525253295898438;-28.01100921630859375
1420352052.9470407963;-11.133280754089355469;-16.618127822875976563
1420353051.9480397701;-5.5482172966003417969;-5.5482172966003417969
1420354050.949038744;-2.8028235435485839844;-2.8028235435485839844
1420355049.9500377178;-2.45832061767578125;-2.45832061767578125
1420356048.9510366917;-3.2874095439910888672;-3.2874095439910888672
1420357047.9520356655;-6.7886056900024414063;-6.7886056900024414063
1420358046.9530346394;-13.213545799255371094;-19.345907211303710938
1420359045.9540336132;-23.050153732299804688;-31.9581146240234375
1420360044.9550325871;-37.295345306396484375;-50.27974700927734375
1420361043.9560315609;-58.32073974609375;-80.18407440185546875
1420362042.9570305347;-85.3253631591796875;-91.3923797607421875
1420363041.9580295086;-85.11190032958984375;-90.42398834228515625
1420364040.9590284824;-85.61446380615234375;-89.04990386962890625
1420365039.9600274563;-85.4429779052734375;-90.53038787841796875
1420366038.9610264301;-84.95888519287109375;-95.9835357666015625
1420367037.962025404;-85.379608154296875;-91.50115966796875
1420368036.9630243778;-84.7086029052734375;-89.1522064208984375
1420369035.9640233517;-83.58921051025390625;-95.25243377685546875
1420370034.9650223255;-83.5855712890625;-93.82686614990234375
1420371033.9660212994;-83.28497314453125;-86.37419891357421875
1420372032.9670202732;-83.0221099853515625;-84.844696044921875
1420373031.9680192471;-83.07550048828125;-85.3616790771484375
1420374030.9690182209;-83.85631561279296875;-85.8480377197265625
1420375029.9700171947;-85.7324981689453125;-87.31610870361328125
1420376028.9710161686;-85.989105224609375;-89.8444366455078125
1420377027.9720151424;-85.95255279541015625;-94.74474334716796875
1420378026.9730141163;-86.93253326416015625;-100.97197723388671875
1420379025.9740130901;-90.930938720703125;-109.02133941650390625
1420380024.975012064;-89.522308349609375;-102.4362640380859375
1420381023.9760110378;-90.03594207763671875;-96.81945037841796875
1420382022.9770100117;-88.43172454833984375;-92.0493316650390625
1420383021.9780089855;-87.30722808837890625;-91.63092803955078125
1420384020.9790079594;-86.0808563232421875;-100.46617889404296875
1420385019.9800069332;-84.16706085205078125;-96.32894134521484375
1420386018.9810059071;-82.6287994384765625;-90.00152587890625
1420387017.9820048809;-82.02793121337890625;-87.7074432373046875
1420388016.9830038548;-82.0709228515625;-87.0870361328125
1420389015.9840028286;-82.64075469970703125;-87.994232177734375
1420390014.9850018024;-83.725494384765625;-89.7630767822265625
1420391013.9860007763;-86.802398681640625;-91.62872314453125
1420392012.9869997501;-87.92901611328125;-91.679656982421875
1420393011.987998724;-87.2545318603515625;-89.82259368896484375
1420394010.9889976978;-87.08679962158203125;-90.8343963623046875
1420395009.9899966717;-87.5687408447265625;-92.8177947998046875
1420396008.9909956455;-89.11098480224609375;-91.84922027587890625
1420397007.9919946194;-90.14163970947265625;-101.90036773681640625
1420398006.9929935932;-91.25048065185546875;-94.8211517333984375
1420399005.9939925671;-89.62729644775390625;-89.62729644775390625
1420400004.9949915409;-88.4112396240234375;-88.4112396240234375
1420401003.9959905148;-88.5174102783203125;-88.5174102783203125
1420402002.9969894886;-88.182769775390625;-88.182769775390625
1420403001.9979884624;-82.69112396240234375;-82.69112396240234375
1420404000.9989874363;-78.36902618408203125;-78.36902618408203125
1420404999.9999864101;-75.88295745849609375;-75.88295745849609375
1420405999.000985384;-75.371490478515625;-75.371490478515625
1420406998.0019843578;-75.96087646484375;-75.96087646484375
1420407997.0029833317;-78.82865142822265625;-78.82865142822265625
1420408996.0039823055;-82.26792144775390625;-82.26792144775390625
1420409995.0049812794;-86.50388336181640625;-86.50388336181640625
1420410994.0059802532;-90.23049163818359375;-90.23049163818359375
1420411993.0069792271;-90.1114349365234375;-90.1114349365234375
1420412992.0079782009;-86.73226165771484375;-96.1092529296875
1420413991.0089771748;-89.28871917724609375;-93.92011260986328125
1420414990.0099761486;-88.52297210693359375;-95.31815338134765625
1420415989.0109751225;-86.95415496826171875;-101.32468414306640625
1420416988.0119740963;-86.80255889892578125;-92.23960113525390625
1420417987.0129730701;-87.8903961181640625;-90.701171875
1420418986.013972044;-90.0080108642578125;-97.61663818359375
1420419985.0149710178;-90.6537322998046875;-95.55532073974609375
1420420984.0159699917;-91.2507476806640625;-93.15398406982421875
1420421983.0169689655;-92.79132080078125;-96.3509674072265625
1420422982.0179679394;-86.656768798828125;-95.7892608642578125
1420423981.0189669132;-84.66257476806640625;-89.9529876708984375
1420424980.0199658871;-84.525177001953125;-86.89247894287109375
1420425979.0209648609;-84.87462615966796875;-88.0575714111328125
1420426978.0219638348;-85.78818511962890625;-89.27942657470703125
1420427977.0229628086;-87.6645050048828125;-89.68256378173828125
1420428976.0239617825;-86.351318359375;-93.9745330810546875
1420429975.0249607563;-86.10752105712890625;-99.74396514892578125
1420430974.0259597301;-86.3780975341796875;-98.33525848388671875
1420431973.026958704;-87.146240234375;-93.0924072265625
1420432972.0279576778;-87.39110565185546875;-91.11057281494140625
1420433971.0289566517;-85.121673583984375;-91.38497161865234375
1420434970.0299556255;-84.244964599609375;-91.964447021484375
1420435969.0309545994;-84.33025360107421875;-89.6300048828125
1420436968.0319535732;-85.313934326171875;-90.69355010986328125
1420437967.0329525471;-86.89588165283203125;-93.075225830078125
1420438966.0339515209;-88.53334808349609375;-92.23645782470703125
1420439965.0349504948;-89.49799346923828125;-90.50177001953125
1420440964.0359494686;-90.05535888671875;-92.442413330078125
1420441963.0369484425;-90.49781036376953125;-92.9975128173828125
1420442962.0379474163;-93.41728973388671875;-100.93259429931640625
1420443961.0389463902;-88.726470947265625;-99.2675628662109375
1420444960.039945364;-88.5350494384765625;-102.88387298583984375
1420445959.0409443378;-88.36957550048828125;-98.25380706787109375
1420446958.0419433117;-86.2211456298828125;-92.90787506103515625
1420447957.0429422855;-85.85784912109375;-93.215728759765625
1420448956.0439412594;-54.108303070068359375;-74.8194427490234375
1420449955.0449402332;-34.423549652099609375;-46.587795257568359375
1420450954.0459392071;-21.051515579223632813;-29.413801193237304688
1420451953.0469381809;-11.86333465576171875;-17.58097076416015625
1420452952.0479371548;-5.9753551483154296875;-5.9753551483154296875
1420453951.0489361286;-2.9560582637786865234;-2.9560582637786865234
1420454950.0499351025;-2.4352674484252929688;-2.4352674484252929688
1420455949.0509340763;-3.0875535011291503906;-3.0875535011291503906
1420456948.0519330502;-6.3120121955871582031;-6.3120121955871582031
1420457947.052932024;-12.428056716918945313;-18.321168899536132813
1420458946.0539309978;-21.890039443969726563;-30.47833251953125
1420459945.0549299717;-35.623409271240234375;-48.13129425048828125
1420460944.0559289455;-55.8729400634765625;-76.682586669921875
1420461943.0569279194;-82.78792572021484375;-94.12752532958984375
1420462942.0579268932;-82.7296142578125;-97.14807891845703125
1420463941.0589258671;-83.62454986572265625;-91.3832855224609375
1420464940.0599248409;-86.0994110107421875;-89.4457244873046875
1420465939.0609238148;-88.64002227783203125;-91.665985107421875
1420466938.0619227886;-86.94783782958984375;-90.72446441650390625
1420467937.0629217625;-85.8980560302734375;-88.77030181884765625
1420468936.0639207363;-85.79264068603515625;-89.6384124755859375
1420469935.0649197102;-85.8139801025390625;-93.219512939453125
1420470934.065918684;-86.14356231689453125;-94.1647186279296875
1420471933.0669176579;-87.036651611328125;-92.57680511474609375
1420472932.0679166317;-86.86579132080078125;-89.3848876953125
1420473931.0689156055;-86.63006591796875;-88.6700286865234375
1420474930.0699145794;-87.19553375244140625;-90.8743133544921875
1420475929.0709135532;-89.25937652587890625;-93.15094757080078125
1420476928.0719125271;-90.5560302734375;-95.8113250732421875
1420477927.0729115009;-91.06667327880859375;-97.841094970703125
1420478926.0739104748;-88.3643341064453125;-95.3504180908203125
1420479925.0749094486;-86.656494140625;-93.11338043212890625
1420480924.0759084225;-87.18256378173828125;-95.2466888427734375
1420481923.0769073963;-85.05933380126953125;-92.0311431884765625
1420482922.0779063702;-81.531219482421875;-87.29679107666015625
1420483921.078905344;-80.46988677978515625;-86.60492706298828125
1420484920.0799043179;-80.50312042236328125;-88.30594635009765625
1420485919.0809032917;-81.6103973388671875;-91.10990142822265625
1420486918.0819022655;-84.4764862060546875;-95.143646240234375
1420487917.0829012394;-90.82396697998046875;-104.3136749267578125
1420488916.0839002132;-92.49259185791015625;-99.302154541015625
1420489915.0848991871;-90.6038665771484375;-94.44542694091796875
1420490914.0858981609;-90.6812744140625;-92.69049072265625
1420491913.0868971348;-88.43096160888671875;-94.61547088623046875
1420492912.0878961086;-87.7662506103515625;-95.93897247314453125
1420493911.0888950825;-88.57028961181640625;-94.968505859375
1420494910.0898940563;-91.92537689208984375;-92.5632476806640625
1420495909.0908930302;-90.55291748046875;-92.25345611572265625
1420496908.091892004;-86.16713714599609375;-92.88457489013671875
1420497907.0928909779;-84.39520263671875;-94.15731048583984375
1420498906.0938899517;-84.2318878173828125;-97.80339813232421875
1420499905.0948889256;-84.2550811767578125;-104.038330078125
1420500904.0958878994;-84.3379364013671875;-94.73773956298828125
1420501903.0968868732;-84.8659820556640625;-90.48151397705078125
1420502902.0978858471;-81.9197998046875;-85.0907135009765625
1420503901.0988848209;-79.9932708740234375;-83.05384063720703125
1420504900.0998837948;-79.40234375;-81.33945465087890625
1420505899.1008827686;-79.4781341552734375;-80.5626373291015625
1420506898.1018817425;-80.72458648681640625;-82.64006805419921875
1420507897.1028807163;-81.8106536865234375;-87.47666168212890625
1420508896.1038796902;-83.54749298095703125;-89.06813812255859375
1420509895.104878664;-85.69873809814453125;-87.87520599365234375
1420510894.1058776379;-87.8598785400390625;-89.8161163330078125
1420511893.1068766117;-89.78780364990234375;-94.0626678466796875
1420512892.1078755856;-86.3855133056640625;-89.59665679931640625
1420513891.1088745594;-85.6965484619140625;-88.02880096435546875
1420514890.1098735332;-86.47432708740234375;-88.24961090087890625
1420515889.1108725071;-87.41950225830078125;-89.25750732421875
1420516888.1118714809;-88.74707794189453125;-91.6700439453125
1420517887.1128704548;-87.99701690673828125;-99.7741241455078125
1420518886.1138694286;-87.3658447265625;-102.95461273193359375
1420519885.1148684025;-87.1948089599609375;-94.11606597900390625
1420520884.1158673763;-85.38109588623046875;-87.6890411376953125
1420521883.1168663502;-83.5720367431640625;-85.14971923828125
1420522882.117865324;-82.75812530517578125;-83.51678466796875
1420523881.1188642979;-82.42259979248046875;-83.82271575927734375
1420524880.1198632717;-82.6512451171875;-84.4774169921875
1420525879.1208622456;-83.44146728515625;-85.065826416015625
1420526878.1218612194;-81.67548370361328125;-87.00637054443359375
1420527877.1228601933;-80.89728546142578125;-88.69207763671875
1420528876.1238591671;-81.03197479248046875;-88.91385650634765625
1420529875.1248581409;-82.84229278564453125;-90.83574676513671875
1420530874.1258571148;-87.0618896484375;-93.12804412841796875
1420531873.1268560886;-89.6525115966796875;-91.74200439453125
1420532872.1278550625;-87.21575927734375;-90.42746734619140625
1420533871.1288540363;-86.2392120361328125;-92.109588623046875
1420534870.1298530102;-86.24041748046875;-92.53017425537109375
1420535869.130851984;-87.82108306884765625;-90.11864471435546875
1420536868.1318509579;-86.14612579345703125;-88.62570953369140625
1420537867.1328499317;-84.61130523681640625;-89.43902587890625
1420538866.1338489056;-84.584259033203125;-91.88045501708984375
1420539865.1348478794;-85.644775390625;-93.30617523193359375
1420540864.1358468533;-88.4535064697265625;-93.2519989013671875
1420541863.1368458271;-89.36054229736328125;-91.50274658203125
1420542862.1378448009;-88.79477691650390625;-89.68085479736328125
1420543861.1388437748;-88.75801849365234375;-90.73796844482421875
1420544860.1398427486;-88.8034515380859375;-90.87335205078125
1420545859.1408417225;-87.2978973388671875;-89.13063812255859375
1420546858.1418406963;-85.18270111083984375;-88.99993896484375
1420547857.1428396702;-84.09027862548828125;-88.33428955078125
1420548856.143838644;-83.9678497314453125;-83.9678497314453125
1420549855.1448376179;-85.9679412841796875;-85.9679412841796875
1420550854.1458365917;-88.9510650634765625;-88.9510650634765625
1420551853.1468355656;-85.62206268310546875;-93.67896270751953125
1420552852.1478345394;-76.79285430908203125;-76.79285430908203125
1420553851.1488335133;-73.24167633056640625;-73.24167633056640625
1420554850.1498324871;-72.5410919189453125;-72.5410919189453125
1420555849.150831461;-73.0315399169921875;-73.0315399169921875
1420556848.1518304348;-76.041473388671875;-76.041473388671875
1420557847.1528294086;-82.4134368896484375;-88.3675079345703125
1420558846.1538283825;-91.14569854736328125;-91.14569854736328125
1420559845.1548273563;-89.94854736328125;-89.94854736328125
1420560844.1558263302;-89.1964263916015625;-89.1964263916015625
1420561843.156825304;-88.72834014892578125;-88.72834014892578125
1420562842.1578242779;-87.86858367919921875;-87.86858367919921875
1420563841.1588232517;-86.5180206298828125;-93.84332275390625
1420564840.1598222256;-86.39568328857421875;-92.3367462158203125
1420565839.1608211994;-87.38317108154296875;-90.9031219482421875
1420566838.1618201733;-87.042816162109375;-96.98581695556640625
1420567837.1628191471;-87.35955047607421875;-101.562347412109375
1420568836.163818121;-87.70699310302734375;-94.3527069091796875
1420569835.1648170948;-86.2170867919921875;-88.68341064453125
1420570834.1658160686;-84.015167236328125;-88.0175628662109375
1420571833.1668150425;-83.38878631591796875;-88.57878875732421875
1420572832.1678140163;-83.527008056640625;-88.566375732421875
1420573831.1688129902;-84.6832275390625;-87.790069580078125
1420574830.169811964;-85.32888031005859375;-86.8375091552734375
1420575829.1708109379;-84.50209808349609375;-86.35296630859375
1420576828.1718099117;-83.13928985595703125;-89.0783843994140625
1420577827.1728088856;-82.51395416259765625;-93.8368377685546875
1420578826.1738078594;-82.41188812255859375;-94.59088897705078125
1420579825.1748068333;-82.4069671630859375;-93.68401336669921875
1420580824.1758058071;-82.6624603271484375;-93.585235595703125
1420581823.176804781;-83.82051849365234375;-92.88372039794921875
1420582822.1778037548;-86.12203216552734375;-91.5995330810546875
1420583821.1788027287;-89.241607666015625;-91.06819915771484375
1420584820.1798017025;-86.589569091796875;-90.63437652587890625
1420585819.1808006763;-84.744110107421875;-88.99558258056640625
1420586818.1817996502;-83.9172515869140625;-86.0022430419921875
1420587817.182798624;-82.65671539306640625;-83.77565765380859375
1420588816.1837975979;-82.49028778076171875;-84.9215087890625
1420589815.1847965717;-82.71379852294921875;-90.5637969970703125
1420590814.1857955456;-83.4076690673828125;-93.62241363525390625
1420591813.1867945194;-84.75766754150390625;-87.82787322998046875
1420592812.1877934933;-86.89444732666015625;-88.46073150634765625
1420593811.1887924671;-87.71091461181640625;-88.73363494873046875
1420594810.189791441;-87.52266693115234375;-88.8155670166015625
1420595809.1907904148;-87.495941162109375;-94.41512298583984375
1420596808.1917893887;-86.67547607421875;-92.29689788818359375
1420597807.1927883625;-83.64681243896484375;-88.69068145751953125
1420598806.1937873363;-82.60221099853515625;-93.73387908935546875
1420599805.1947863102;-82.462188720703125;-93.80170440673828125
1420600804.195785284;-82.7936859130859375;-89.2960052490234375
1420601803.1967842579;-84.7161865234375;-88.884796142578125
1420602802.1977832317;-85.558013916015625;-93.64715576171875
1420603801.1987822056;-83.60262298583984375;-89.41431427001953125
1420604800.1997811794;-83.16606903076171875;-90.5068359375
1420605799.2007801533;-83.44219970703125;-91.60111236572265625
1420606798.2017791271;-84.9494781494140625;-91.02739715576171875
1420607797.202778101;-86.0271453857421875;-90.31285858154296875
1420608796.2037770748;-86.0812225341796875;-90.1368865966796875
1420609795.2047760487;-87.29413604736328125;-89.6148681640625
1420610794.2057750225;-87.485687255859375;-91.3423004150390625
1420611793.2067739964;-87.52309417724609375;-90.95892333984375
1420612792.2077729702;-86.601470947265625;-89.52175140380859375
1420613791.208771944;-85.4352874755859375;-92.12114715576171875
1420614790.2097709179;-84.39908599853515625;-97.89905548095703125
1420615789.2107698917;-83.51598358154296875;-95.72756195068359375
1420616788.2117688656;-83.28284454345703125;-95.308502197265625
1420617787.2127678394;-83.4022674560546875;-94.46514892578125
1420618786.2137668133;-84.13727569580078125;-89.9350128173828125
1420619785.2147657871;-85.5063934326171875;-91.00196075439453125
1420620784.215764761;-87.73204803466796875;-89.77504730224609375
1420621783.2167637348;-88.869903564453125;-92.04027557373046875
1420622782.2177627087;-89.28521728515625;-94.6089935302734375
1420623781.2187616825;-87.239532470703125;-97.2937469482421875
1420624780.2197606564;-85.145965576171875;-95.68875885009765625
1420625779.2207596302;-84.210174560546875;-89.94980621337890625
1420626778.221758604;-84.0179443359375;-86.9976959228515625
1420627777.2227575779;-84.338897705078125;-86.0846405029296875
1420628776.2237565517;-86.02800750732421875;-93.56700897216796875
1420629775.2247555256;-86.12349700927734375;-89.2070465087890625
1420630774.2257544994;-86.6675872802734375;-88.4009552001953125
1420631773.2267534733;-88.556121826171875;-90.21144866943359375
1420632772.2277524471;-86.45204925537109375;-90.5927276611328125
1420633771.228751421;-86.38665771484375;-89.47411346435546875
1420634770.2297503948;-85.865386962890625;-87.79593658447265625
1420635769.2307493687;-84.80950164794921875;-88.4835052490234375
1420636768.2317483425;-84.7740020751953125;-92.6888427734375
1420637767.2327473164;-85.8596038818359375;-93.39183807373046875
1420638766.2337462902;-88.6405029296875;-91.38141632080078125
1420639765.2347452641;-87.5565032958984375;-90.55808258056640625
1420640764.2357442379;-87.3773345947265625;-89.3193511962890625
1420641763.2367432117;-87.94687652587890625;-91.43865203857421875
1420642762.2377421856;-89.38790130615234375;-91.7416839599609375
1420643761.2387411594;-89.4169158935546875;-91.1683807373046875
1420644760.2397401333;-89.58937835693359375;-101.54553985595703125
1420645759.2407391071;-87.03435516357421875;-108.257415771484375
1420646758.241738081;-85.05295562744140625;-90.43885040283203125
1420647757.2427370548;-84.49074554443359375;-86.605438232421875
1420648756.2437360287;-84.7342376708984375;-86.86202239990234375
1420649755.2447350025;-86.30686187744140625;-88.06325531005859375
1420650754.2457339764;-87.70989227294921875;-89.785369873046875
1420651753.2467329502;-88.5287017822265625;-90.826202392578125
1420652752.2477319241;-86.45526885986328125;-89.90857696533203125
1420653751.2487308979;-84.060882568359375;-91.2549591064453125
1420654750.2497298717;-83.3199462890625;-91.68810272216796875
1420655749.2507288456;-83.3367767333984375;-90.34304046630859375
1420656748.2517278194;-83.9093780517578125;-89.8780517578125
1420657747.2527267933;-85.0110626220703125;-98.30165863037109375
1420658746.2537257671;-86.98004913330078125;-100.19528961181640625
1420659745.254724741;-87.036468505859375;-94.16495513916015625
1420660744.2557237148;-85.14962005615234375;-91.73348236083984375
1420661743.2567226887;-85.1820831298828125;-89.94434356689453125
1420662742.2577216625;-86.9430999755859375;-90.25220489501953125
1420663741.2587206364;-88.33805084228515625;-95.35994720458984375
1420664740.2597196102;-87.572967529296875;-96.95941925048828125
1420665739.2607185841;-88.00991058349609375;-94.9804229736328125
1420666738.2617175579;-91.21820068359375;-94.90605926513671875
1420667737.2627165318;-88.94957733154296875;-93.579315185546875
1420668736.2637155056;-86.04430389404296875;-92.65309906005859375
1420669735.2647144794;-85.6478424072265625;-96.66799163818359375
1420670734.2657134533;-87.31976318359375;-94.84717559814453125
1420671733.2667124271;-89.082275390625;-100.9075164794921875
1420672732.267711401;-86.842803955078125;-91.92317962646484375
1420673731.2687103748;-85.47972869873046875;-100.34725189208984375
1420674730.2697093487;-85.8143768310546875;-94.59966278076171875
1420675729.2707083225;-88.29705047607421875;-91.4779052734375
1420676728.2717072964;-87.29616546630859375;-90.80640411376953125
1420677727.2727062702;-85.3585205078125;-91.04558563232421875
1420678726.2737052441;-84.93780517578125;-90.39832305908203125
1420679725.2747042179;-85.1060333251953125;-88.82222747802734375
1420680724.2757031918;-86.495208740234375;-88.43103790283203125
1420681723.2767021656;-87.76436614990234375;-94.293914794921875
1420682722.2777011395;-87.57697296142578125;-92.3038482666015625
1420683721.2787001133;-87.63927459716796875;-88.56862640380859375
1420684720.2796990871;-87.74198150634765625;-89.38397979736328125
1420685719.280698061;-87.98284149169921875;-90.57843017578125
1420686718.2816970348;-88.62442779541015625;-90.827911376953125
1420687717.2826960087;-89.31549072265625;-91.73065948486328125
1420688716.2836949825;-89.615020751953125;-91.3031158447265625
1420689715.2846939564;-87.27558135986328125;-93.3683624267578125
1420690714.2856929302;-86.42374420166015625;-93.10953521728515625
1420691713.2866919041;-86.31989288330078125;-88.449432373046875
1420692712.2876908779;-85.25885009765625;-92.609100341796875
1420693711.2886898518;-85.3096466064453125;-89.15106201171875
1420694710.2896888256;-86.40073394775390625;-87.92838287353515625
1420695709.2906877995;-87.81745147705078125;-90.4542236328125
1420696708.2916867733;-89.31496429443359375;-90.65712738037109375
1420697707.2926857471;-87.05310821533203125;-90.113311767578125
1420698706.293684721;-85.7913360595703125;-89.39453125
1420699705.2946836948;-85.80019378662109375;-90.84958648681640625
1420700704.2956826687;-86.51366424560546875;-96.61293792724609375
1420701703.2966816425;-85.883514404296875;-91.6979827880859375
1420702702.2976806164;-85.62187957763671875;-90.77970123291015625
1420703701.2986795902;-86.076751708984375;-92.088775634765625
1420704700.2996785641;-88.63702392578125;-92.461090087890625
1420705699.3006775379;-86.9411773681640625;-94.77620697021484375
1420706698.3016765118;-86.64122772216796875;-91.64145660400390625
1420707697.3026754856;-86.9204559326171875;-90.72875213623046875
1420708696.3036744595;-88.2365570068359375;-93.681976318359375
1420709695.3046734333;-89.63516998291015625;-92.77417755126953125
1420710694.3056724072;-86.7284698486328125;-90.0395660400390625
1420711693.306671381;-84.463623046875;-87.42841339111328125
1420712692.3076703548;-83.951141357421875;-85.52587890625
1420713691.3086693287;-84.376129150390625;-88.41104888916015625
1420714690.3096683025;-86.52214813232421875;-92.1513671875
1420715689.3106672764;-88.78781890869140625;-91.35398101806640625
1420716688.3116662502;-87.3419189453125;-91.95514678955078125
1420717687.3126652241;-85.7669830322265625;-100.04454803466796875
1420718686.3136641979;-84.86357879638671875;-101.76915740966796875
1420719685.3146631718;-85.12740325927734375;-91.9754180908203125
1420720684.3156621456;-84.1547088623046875;-92.83972930908203125
1420721683.3166611195;-83.5407257080078125;-97.03685760498046875
1420722682.3176600933;-84.0941619873046875;-91.0105133056640625
1420723681.3186590672;-87.0870513916015625;-90.1777801513671875
1420724680.319658041;-87.51667022705078125;-92.20676422119140625
1420725679.3206570148;-88.332916259765625;-91.35300445556640625
1420726678.3216559887;-88.57682037353515625;-91.218994140625
1420727677.3226549625;-88.07373046875;-93.75960540771484375
1420728676.3236539364;-87.934844970703125;-92.3211822509765625
1420729675.3246529102;-88.0985107421875;-91.4789276123046875
1420730674.3256518841;-88.841705322265625;-92.2704315185546875
1420731673.3266508579;-89.26943206787109375;-91.80857086181640625
1420732672.3276498318;-88.97795867919921875;-90.05963897705078125
1420733671.3286488056;-89.70838165283203125;-92.89528656005859375
1420734670.3296477795;-87.04196929931640625;-91.22605133056640625
1420735669.3306467533;-84.86808013916015625;-92.19698333740234375
1420736668.3316457272;-84.81198883056640625;-92.92583465576171875
1420737667.332644701;-86.36627960205078125;-93.8595733642578125
1420738666.3336436749;-90.07456207275390625;-93.84307098388671875
1420739665.3346426487;-92.96785736083984375;-96.5767669677734375
1420740664.3356416225;-89.818450927734375;-95.3534088134765625
1420741663.3366405964;-89.1499481201171875;-91.47760009765625
1420742662.3376395702;-89.76273345947265625;-93.470855712890625
1420743661.3386385441;-89.59645843505859375;-96.5298919677734375
1420744660.3396375179;-89.514617919921875;-96.9384002685546875
1420745659.3406364918;-90.2029266357421875;-96.03603363037109375
1420746658.3416354656;-90.61896514892578125;-93.12960052490234375
1420747657.3426344395;-87.74874114990234375;-96.1515350341796875
1420748656.3436334133;-86.02106475830078125;-101.6980133056640625
1420749655.3446323872;-85.55631256103515625;-107.3852081298828125
1420750654.345631361;-85.8310546875;-96.91410064697265625
1420751653.3466303349;-88.214599609375;-99.02712249755859375
1420752652.3476293087;-91.582611083984375;-103.9396514892578125
1420753651.3486282825;-89.4559478759765625;-97.15909576416015625
1420754650.3496272564;-88.0442352294921875;-89.83541107177734375
1420755649.3506262302;-87.7364044189453125;-92.02846527099609375
1420756648.3516252041;-88.65897369384765625;-99.6445465087890625
1420757647.3526241779;-91.12427520751953125;-102.62978363037109375
1420758646.3536231518;-92.005340576171875;-98.14356231689453125
1420759645.3546221256;-92.11914825439453125;-97.256622314453125
1420760644.3556210995;-94.6277618408203125;-98.7514801025390625
1420761643.3566200733;-93.60173797607421875;-103.550262451171875
1420762642.3576190472;-88.698699951171875;-93.86602783203125
1420763641.358618021;-86.68865203857421875;-88.705841064453125
1420764640.3596169949;-85.93206787109375;-88.80870819091796875
1420765639.3606159687;-86.3416900634765625;-93.60883331298828125
1420766638.3616149426;-89.5467987060546875;-94.75479888916015625
1420767637.3626139164;-89.12177276611328125;-100.42874908447265625
1420768636.3636128902;-88.61859893798828125;-93.7646636962890625
1420769635.3646118641;-87.85433197021484375;-91.99530792236328125
1420770634.3656108379;-87.23686981201171875;-93.97705841064453125
1420771633.3666098118;-87.36782073974609375;-94.64897918701171875
1420772632.3676087856;-89.91448974609375;-96.34229278564453125
1420773631.3686077595;-91.86981201171875;-98.0804443359375
1420774630.3696067333;-88.9867706298828125;-92.18207550048828125
1420775629.3706057072;-86.2420501708984375;-88.59740447998046875
1420776628.371604681;-84.2451934814453125;-87.14821624755859375
1420777627.3726036549;-84.0843505859375;-89.506134033203125
1420778626.3736026287;-85.0006256103515625;-91.8786773681640625
1420779625.3746016026;-86.8375091552734375;-91.9186248779296875
1420780624.3756005764;-89.36772918701171875;-93.50579071044921875
1420781623.3765995502;-89.77855682373046875;-95.4222412109375
1420782622.3775985241;-88.9535675048828125;-92.4734649658203125
1420783621.3785974979;-87.08110809326171875;-96.42809295654296875
1420784620.3795964718;-86.09893035888671875;-96.6896209716796875
1420785619.3805954456;-86.0147857666015625;-91.44446563720703125
1420786618.3815944195;-85.28298187255859375;-87.03260040283203125
1420787617.3825933933;-84.59661102294921875;-87.9531707763671875
1420788616.3835923672;-84.84099578857421875;-88.1404571533203125
1420789615.384591341;-86.60089874267578125;-88.25934600830078125
1420790614.3855903149;-88.1887054443359375;-91.5677947998046875
1420791613.3865892887;-90.8147735595703125;-94.398529052734375
1420792612.3875882626;-88.128814697265625;-94.001983642578125
1420793611.3885872364;-86.44054412841796875;-94.43129730224609375
1420794610.3895862103;-85.29834747314453125;-101.66675567626953125
1420795609.3905851841;-84.66896820068359375;-98.4541473388671875
1420796608.3915841579;-83.56630706787109375;-92.37868499755859375
1420797607.3925831318;-82.62194061279296875;-90.02425384521484375
1420798606.3935821056;-82.50359344482421875;-90.3954925537109375
1420799605.3945810795;-83.01944732666015625;-90.15581512451171875
1420800604.3955800533;-85.49645233154296875;-89.23020172119140625
1420801603.3965790272;-89.337188720703125;-92.28766632080078125
1420802602.397578001;-88.730926513671875;-90.572052001953125
1420803601.3985769749;-88.96486663818359375;-89.98751068115234375
1420804600.3995759487;-87.80078887939453125;-89.95330810546875
1420805599.4005749226;-85.9253387451171875;-90.9848175048828125
1420806598.4015738964;-84.4816741943359375;-99.21112060546875
1420807597.4025728703;-84.15256500244140625;-96.62542724609375
1420808596.4035718441;-84.51137542724609375;-90.12337493896484375
1420809595.4045708179;-86.57685089111328125;-88.76973724365234375
1420810594.4055697918;-88.17476654052734375;-91.76155853271484375
1420811593.4065687656;-89.367828369140625;-98.3531951904296875
1420812592.4075677395;-90.9525146484375;-98.3807830810546875
1420813591.4085667133;-89.29683685302734375;-94.28900909423828125
1420814590.4095656872;-89.3283233642578125;-91.73351287841796875
1420815589.410564661;-90.64273834228515625;-91.22643280029296875
1420816588.4115636349;-89.86722564697265625;-96.228118896484375
1420817587.4125626087;-89.11556243896484375;-105.30633544921875
1420818586.4135615826;-89.254058837890625;-102.67596435546875
1420819585.4145605564;-91.70914459228515625;-108.78432464599609375
1420820584.4155595303;-93.738922119140625;-103.4971160888671875
1420821583.4165585041;-93.557098388671875;-96.4153900146484375
1420822582.417557478;-94.07293701171875;-104.25020599365234375
1420823581.4185564518;-92.0303802490234375;-98.21314239501953125
1420824580.4195554256;-87.54280853271484375;-92.55590057373046875
1420825579.4205543995;-85.03502655029296875;-89.1579132080078125
1420826578.4215533733;-84.27716827392578125;-87.59050750732421875
1420827577.4225523472;-84.4706573486328125;-87.0169525146484375
1420828576.423551321;-86.52007293701171875;-90.60829925537109375
1420829575.4245502949;-90.2103118896484375;-93.18361663818359375
1420830574.4255492687;-90.89656829833984375;-95.339447021484375
1420831573.4265482426;-87.1572265625;-95.21497344970703125
1420832572.4275472164;-86.85720062255859375;-91.00060272216796875
1420833571.4285461903;-86.46623992919921875;-87.525482177734375
1420834570.4295451641;-86.26519012451171875;-87.860870361328125
1420835569.430544138;-86.753021240234375;-89.23865509033203125
1420836568.4315431118;-88.44879913330078125;-91.44289398193359375
1420837567.4325420856;-90.45684051513671875;-92.01213836669921875
1420838566.4335410595;-89.10990142822265625;-102.29187774658203125
1420839565.4345400333;-88.91068267822265625;-97.1527252197265625
1420840564.4355390072;-86.07956695556640625;-94.3580780029296875
1420841563.436537981;-84.62481689453125;-100.0616455078125
1420842562.4375369549;-84.68349456787109375;-91.26277923583984375
1420843561.4385359287;-86.06891632080078125;-88.00351715087890625
1420844560.4395349026;-87.45086669921875;-92.15163421630859375
1420845559.4405338764;-87.89483642578125;-98.72020721435546875
1420846558.4415328503;-87.78366851806640625;-91.84603118896484375
1420847557.4425318241;-84.46338653564453125;-88.34421539306640625
1420848556.443530798;-83.2822418212890625;-87.43935394287109375
1420849555.4445297718;-83.27898406982421875;-86.742706298828125
1420850554.4455287457;-84.45021820068359375;-87.819793701171875
1420851553.4465277195;-87.21675872802734375;-88.8755950927734375
1420852552.4475266933;-86.93967437744140625;-90.87741851806640625
1420853551.4485256672;-85.1974334716796875;-93.01712799072265625
1420854550.449524641;-84.21953582763671875;-94.12500762939453125
1420855549.4505236149;-84.08603668212890625;-96.52790069580078125
1420856548.4515225887;-84.2136688232421875;-96.8101654052734375
1420857547.4525215626;-84.750579833984375;-89.7029571533203125
1420858546.4535205364;-85.250701904296875;-86.54608154296875
1420859545.4545195103;-84.95890045166015625;-86.625335693359375
1420860544.4555184841;-85.04186248779296875;-86.6839752197265625
1420861543.456517458;-85.51729583740234375;-87.34120941162109375
1420862542.4575164318;-86.11214447021484375;-89.0801239013671875
1420863541.4585154057;-86.92974090576171875;-92.9177398681640625
1420864540.4595143795;-89.40064239501953125;-97.41637420654296875
1420865539.4605133533;-91.521636962890625;-109.3903350830078125
1420866538.4615123272;-89.02274322509765625;-104.96831512451171875
1420867537.462511301;-89.0467071533203125;-100.01042938232421875
1420868536.4635102749;-91.48342132568359375;-96.76761627197265625
1420869535.4645092487;-91.74875640869140625;-109.0393829345703125
1420870534.4655082226;-88.81279754638671875;-105.828857421875
1420871533.4665071964;-88.8960113525390625;-98.20948028564453125
1420872532.4675061703;-92.5896453857421875;-99.92259979248046875
1420873531.4685051441;-93.3082733154296875;-105.3353424072265625
1420874530.469504118;-88.04737091064453125;-94.32952117919921875
1420875529.4705030918;-86.30301666259765625;-91.8835296630859375
1420876528.4715020657;-86.14295196533203125;-90.01428985595703125
1420877527.4725010395;-86.521209716796875;-92.6031951904296875
1420878526.4735000134;-87.6908721923828125;-91.657073974609375
1420879525.4744989872;-85.5853424072265625;-88.99152374267578125
1420880524.475497961;-85.66015625;-89.47270965576171875
1420881523.4764969349;-87.75421905517578125;-90.6207275390625
1420882522.4774959087;-91.25849151611328125;-93.31890869140625
1420883521.4784948826;-92.1596832275390625;-95.59478759765625
1420884520.4794938564;-87.70435333251953125;-94.51830291748046875
1420885519.4804928303;-86.3026885986328125;-91.4903564453125
1420886518.4814918041;-86.2666778564453125;-91.2458648681640625
1420887517.482490778;-86.97885894775390625;-88.33917999267578125
1420888516.4834897518;-85.9480133056640625;-88.26325225830078125
1420889515.4844887257;-84.65491485595703125;-89.77272796630859375
1420890514.4854876995;-84.2277679443359375;-92.383056640625
1420891513.4864866734;-84.3858489990234375;-93.24646759033203125
1420892512.4874856472;-85.82595062255859375;-93.14893341064453125
1420893511.488484621;-88.9651641845703125;-92.40084075927734375
1420894510.4894835949;-89.50246429443359375;-96.94268035888671875
1420895509.4904825687;-89.180023193359375;-93.58061981201171875
1420896508.4914815426;-89.4855499267578125;-90.7498626708984375
1420897507.4924805164;-89.2939910888671875;-93.8704986572265625
1420898506.4934794903;-89.7501220703125;-92.74662017822265625
1420899505.4944784641;-88.98627471923828125;-91.00038909912109375
1420900504.495477438;-88.9358367919921875;-91.546783447265625
1420901503.4964764118;-89.86624908447265625;-98.77147674560546875
1420902502.4974753857;-89.71282196044921875;-96.80687713623046875
1420903501.4984743595;-89.85546875;-99.35926055908203125
1420904500.4994733334;-91.3418731689453125;-103.4893035888671875
