Type;FSVA3044;
Version;1.31;
Date;24.Mar 2026;
Mode;ANALYZER;
Preamplifier;OFF;
Transducer;OFF;
Center Freq;1420405000.000000;Hz
Freq Offset;0.000000;Hz
Start;1419905000.000000;Hz
Stop;1420905000.000000;Hz
Span;1000000.000000;Hz
Ref Level;20.000000;dBm
Level Offset;0.000000;dB
Rf Att;30.000000;dB
El Att;0.000000;dB
RBW;3000.000000;Hz
VBW;1000.000000;Hz
SWT;0.002100;s
Sweep Count;0;
Window;1;TOI
Ref Position;100.000000;%
Level Range;100.000000;dB
x-Axis;LIN;
y-Axis;LOG;
x-Unit;Hz;
y-Unit;dBm;
Trace;1;
Trace Mode;CLR/WRITE;
Detector;AUTOPEAK;
Values;1001;
1419905499.5004994869;-84.2447052001953125;-88.32709503173828125
1419906498.5014984608;-83.09818267822265625;-89.1516265869140625
1419907497.5024974346;-83.2510986328125;-88.96022796630859375
1419908496.5034964085;-85.00089263916015625;-87.9941558837890625
1419909495.5044953823;-88.32175445556640625;-91.68325042724609375
1419910494.5054943562;-89.51708221435546875;-96.83974456787109375
1419911493.50649333;-90.1632232666015625;-97.265594482421875
1419912492.5074923038;-90.60141754150390625;-96.8881072998046875
1419913491.5084912777;-88.4076995849609375;-93.215911865234375
1419914490.5094902515;-85.8142852783203125;-100.0850067138671875
1419915489.5104892254;-85.1906585693359375;-94.36421966552734375
1419916488.5114881992;-85.39876556396484375;-91.14586639404296875
1419917487.5124871731;-87.15412139892578125;-91.49822998046875
1419918486.5134861469;-88.37316131591796875;-92.812408447265625
1419919485.5144851208;-88.1906585693359375;-99.5541839599609375
1419920484.5154840946;-88.63060760498046875;-95.33449554443359375
1419921483.5164830685;-84.948516845703125;-96.15749359130859375
1419922482.5174820423;-84.40198516845703125;-94.49260711669921875
1419923481.5184810162;-84.79714202880859375;-90.01445770263671875
1419924480.51947999;-86.49092864990234375;-88.05146026611328125
1419925479.5204789639;-86.49021148681640625;-91.04795074462890625
1419926478.5214779377;-86.80876922607421875;-90.43654632568359375
1419927477.5224769115;-87.9814300537109375;-90.05374908447265625
1419928476.5234758854;-88.4961700439453125;-94.68135833740234375
1419929475.5244748592;-86.90381622314453125;-98.59647369384765625
1419930474.5254738331;-86.6009368896484375;-92.0238189697265625
1419931473.5264728069;-86.5912628173828125;-89.34049224853515625
1419932472.5274717808;-86.55937957763671875;-89.0149078369140625
1419933471.5284707546;-86.67053985595703125;-89.79815673828125
1419934470.5294697285;-88.12847137451171875;-91.55110931396484375
1419935469.5304687023;-87.43010711669921875;-94.8188018798828125
1419936468.5314676762;-84.5576171875;-94.72966766357421875
1419937467.53246665;-84.274688720703125;-90.16252899169921875
1419938466.5334656239;-85.49610137939453125;-88.41515350341796875
1419939465.5344645977;-85.373443603515625;-93.97087860107421875
1419940464.5354635715;-85.843780517578125;-92.850860595703125
1419941463.5364625454;-88.00690460205078125;-92.239654541015625
1419942462.5374615192;-91.63028717041015625;-94.5607452392578125
1419943461.5384604931;-94.21563720703125;-96.52713775634765625
1419944460.5394594669;-93.0023193359375;-99.183013916015625
1419945459.5404584408;-89.15045166015625;-99.05596160888671875
1419946458.5414574146;-85.9065704345703125;-96.5959320068359375
1419947457.5424563885;-84.5000457763671875;-91.1214141845703125
1419948456.5434553623;-84.4306488037109375;-87.644500732421875
1419949455.5444543362;-84.24518585205078125;-86.61690521240234375
1419950454.54545331;-83.14959716796875;-87.5555419921875
1419951453.5464522839;-83.30975341796875;-90.24587249755859375
1419952452.5474512577;-86.0739288330078125;-99.945465087890625
1419953451.5484502316;-87.47553253173828125;-90.60260009765625
1419954450.5494492054;-85.409210205078125;-87.58646392822265625
1419955449.5504481792;-85.24425506591796875;-89.87958526611328125
1419956448.5514471531;-86.432647705078125;-96.99839019775390625
1419957447.5524461269;-90.24291229248046875;-94.04116058349609375
1419958446.5534451008;-91.02782440185546875;-96.075714111328125
1419959445.5544440746;-87.38721466064453125;-91.3901824951171875
1419960444.5554430485;-86.61238861083984375;-89.57501220703125
1419961443.5564420223;-85.13036346435546875;-87.119293212890625
1419962442.5574409962;-85.039886474609375;-87.3690185546875
1419963441.55843997;-87.04482269287109375;-91.87545013427734375
1419964440.5594389439;-87.10504150390625;-100.10329437255859375
1419965439.5604379177;-87.35857391357421875;-89.85674285888671875
1419966438.5614368916;-85.95134735107421875;-88.7121429443359375
1419967437.5624358654;-86.00308990478515625;-88.367279052734375
1419968436.5634348392;-87.1652679443359375;-89.36292266845703125
1419969435.5644338131;-88.2554473876953125;-91.775115966796875
1419970434.5654327869;-87.342498779296875;-89.7945404052734375
1419971433.5664317608;-86.96053314208984375;-88.36502838134765625
1419972432.5674307346;-83.8487701416015625;-92.452392578125
1419973431.5684297085;-82.04859161376953125;-100.71051788330078125
1419974430.5694286823;-81.9696502685546875;-94.30678558349609375
1419975429.5704276562;-83.29431915283203125;-89.96967315673828125
1419976428.57142663;-86.797637939453125;-89.8208160400390625
1419977427.5724256039;-88.2397918701171875;-93.94891357421875
1419978426.5734245777;-88.3287506103515625;-99.27567291259765625
1419979425.5744235516;-90.04018402099609375;-95.9136199951171875
1419980424.5754225254;-88.46124267578125;-92.95702362060546875
1419981423.5764214993;-85.88138580322265625;-88.48860931396484375
1419982422.5774204731;-85.66568756103515625;-94.3790740966796875
1419983421.5784194469;-87.238555908203125;-98.05130767822265625
1419984420.5794184208;-87.86467742919921875;-89.2231292724609375
1419985419.5804173946;-86.74323272705078125;-88.494537353515625
1419986418.5814163685;-85.7247772216796875;-91.14537811279296875
1419987417.5824153423;-85.66085052490234375;-91.91413116455078125
1419988416.5834143162;-85.92632293701171875;-96.299652099609375
1419989415.58441329;-85.27187347412109375;-100.80188751220703125
1419990414.5854122639;-84.46364593505859375;-93.11301422119140625
1419991413.5864112377;-84.16616058349609375;-92.0435791015625
1419992412.5874102116;-84.18730926513671875;-91.977996826171875
1419993411.5884091854;-84.45697021484375;-90.9167938232421875
1419994410.5894081593;-84.89038848876953125;-94.93910980224609375
1419995409.5904071331;-85.40667724609375;-95.08794403076171875
1419996408.5914061069;-86.43708038330078125;-89.048583984375
1419997407.5924050808;-83.90126800537109375;-89.7852630615234375
1419998406.5934040546;-83.154144287109375;-88.70149993896484375
1419999405.5944030285;-83.131927490234375;-89.0596771240234375
1420000404.5954020023;-83.263885498046875;-89.804718017578125
1420001403.5964009762;-83.43465423583984375;-89.79718017578125
1420002402.59739995;-84.185760498046875;-89.3419189453125
1420003401.5983989239;-86.63637542724609375;-90.18920135498046875
1420004400.5993978977;-90.9330902099609375;-93.1327667236328125
1420005399.6003968716;-91.24404144287109375;-94.8857421875
1420006398.6013958454;-88.64427947998046875;-97.05126953125
1420007397.6023948193;-88.4368896484375;-102.8730316162109375
1420008396.6033937931;-90.4576873779296875;-93.92871856689453125
1420009395.604392767;-89.8115234375;-92.80629730224609375
1420010394.6053917408;-90.05933380126953125;-93.15738677978515625
1420011393.6063907146;-90.65997314453125;-94.82457733154296875
1420012392.6073896885;-91.214324951171875;-93.34429168701171875
1420013391.6083886623;-90.82724761962890625;-96.66065216064453125
1420014390.6093876362;-88.73018646240234375;-93.66661834716796875
1420015389.61038661;-87.759918212890625;-95.594329833984375
1420016388.6113855839;-88.34189605712890625;-95.068023681640625
1420017387.6123845577;-87.37889862060546875;-91.8083953857421875
1420018386.6133835316;-87.1200714111328125;-90.8974456787109375
1420019385.6143825054;-87.95835113525390625;-90.67034149169921875
1420020384.6153814793;-85.77765655517578125;-90.87784576416015625
1420021383.6163804531;-85.52704620361328125;-88.74190521240234375
1420022382.617379427;-86.2259063720703125;-87.97205352783203125
1420023381.6183784008;-87.2962188720703125;-88.57894134521484375
1420024380.6193773746;-84.49530792236328125;-87.16439056396484375
1420025379.6203763485;-83.36224365234375;-86.37557220458984375
1420026378.6213753223;-82.7787322998046875;-88.85765838623046875
1420027377.6223742962;-82.91043853759765625;-90.83586883544921875
1420028376.62337327;-84.7601470947265625;-93.2589111328125
1420029375.6243722439;-88.26949310302734375;-96.51703643798828125
1420030374.6253712177;-84.820953369140625;-96.0136260986328125
1420031373.6263701916;-82.79392242431640625;-89.05228424072265625
1420032372.6273691654;-82.16838836669921875;-85.489532470703125
1420033371.6283681393;-82.3317718505859375;-87.0753631591796875
1420034370.6293671131;-84.2159423828125;-92.190826416015625
1420035369.630366087;-88.5964508056640625;-92.63803863525390625
1420036368.6313650608;-91.93886566162109375;-105.8865966796875
1420037367.6323640347;-91.61508941650390625;-98.43328094482421875
1420038366.6333630085;-86.23876190185546875;-94.0073394775390625
1420039365.6343619823;-83.9993896484375;-92.45273590087890625
1420040364.6353609562;-83.7987213134765625;-89.3556060791015625
1420041363.63635993;-84.54116058349609375;-88.84081268310546875
1420042362.6373589039;-87.90076446533203125;-94.06195831298828125
1420043361.6383578777;-88.4171295166015625;-92.82892608642578125
1420044360.6393568516;-87.55979156494140625;-90.48956298828125
1420045359.6403558254;-87.34557342529296875;-97.94991302490234375
1420046358.6413547993;-87.7839813232421875;-99.41306304931640625
1420047357.6423537731;-87.46086883544921875;-91.16954803466796875
1420048356.643352747;-86.63314056396484375;-89.822540283203125
1420049355.6443517208;-86.54093170166015625;-90.40192413330078125
1420050354.6453506947;-87.43511199951171875;-90.49275970458984375
1420051353.6463496685;-90.3416748046875;-95.3485565185546875
1420052352.6473486423;-90.70827484130859375;-99.90059661865234375
1420053351.6483476162;-91.446868896484375;-99.78809356689453125
1420054350.64934659;-90.087615966796875;-96.25649261474609375
1420055349.6503455639;-87.71453094482421875;-96.06270599365234375
1420056348.6513445377;-87.40273284912109375;-93.2081298828125
1420057347.6523435116;-87.34429168701171875;-92.58467864990234375
1420058346.6533424854;-84.90650177001953125;-93.80826568603515625
1420059345.6543414593;-84.26902008056640625;-89.6729888916015625
1420060344.6553404331;-84.337921142578125;-94.730072021484375
1420061343.656339407;-84.5634918212890625;-93.7801513671875
1420062342.6573383808;-84.9649810791015625;-91.4085693359375
1420063341.6583373547;-86.25957489013671875;-95.47042083740234375
1420064340.6593363285;-86.348846435546875;-100.165557861328125
1420065339.6603353024;-87.05474090576171875;-96.18953704833984375
1420066338.6613342762;-90.03563690185546875;-93.178375244140625
1420067337.66233325;-88.5464324951171875;-94.2462615966796875
1420068336.6633322239;-87.3192901611328125;-93.35460662841796875
1420069335.6643311977;-86.00350189208984375;-89.27631378173828125
1420070334.6653301716;-84.15777587890625;-85.60771942138671875
1420071333.6663291454;-83.53607940673828125;-85.22704315185546875
1420072332.6673281193;-83.7278289794921875;-86.60083770751953125
1420073331.6683270931;-85.45722198486328125;-89.37006378173828125
1420074330.669326067;-88.59651947021484375;-95.1264801025390625
1420075329.6703250408;-91.36228179931640625;-96.17787933349609375
1420076328.6713240147;-87.39687347412109375;-91.88995361328125
1420077327.6723229885;-85.0248870849609375;-98.2289581298828125
1420078326.6733219624;-84.12722015380859375;-106.409698486328125
1420079325.6743209362;-83.94408416748046875;-99.368408203125
1420080324.67531991;-84.27215576171875;-95.5526123046875
1420081323.6763188839;-86.30980682373046875;-93.2740020751953125
1420082322.6773178577;-88.0269012451171875;-89.42052459716796875
1420083321.6783168316;-87.30295562744140625;-89.41490936279296875
1420084320.6793158054;-86.56247711181640625;-96.04048919677734375
1420085319.6803147793;-86.5593109130859375;-91.81563568115234375
1420086318.6813137531;-86.21303558349609375;-88.26303863525390625
1420087317.682312727;-85.31479644775390625;-91.973846435546875
1420088316.6833117008;-84.86777496337890625;-97.24959564208984375
1420089315.6843106747;-84.99175262451171875;-92.70006561279296875
1420090314.6853096485;-86.3461151123046875;-89.24581146240234375
1420091313.6863086224;-87.6585845947265625;-91.36590576171875
1420092312.6873075962;-88.84984588623046875;-94.98508453369140625
1420093311.6883065701;-84.5368804931640625;-90.84293365478515625
1420094310.6893055439;-82.40935516357421875;-86.580841064453125
1420095309.6903045177;-82.25495147705078125;-86.0101776123046875
1420096308.6913034916;-83.655975341796875;-89.03696441650390625
1420097307.6923024654;-88.623504638671875;-98.28771209716796875
1420098306.6933014393;-85.2281341552734375;-101.05771636962890625
1420099305.6943004131;-84.22159576416015625;-91.55513763427734375
1420100304.695299387;-84.44686126708984375;-87.4380340576171875
1420101303.6962983608;-85.62374114990234375;-90.15866851806640625
1420102302.6972973347;-86.1720428466796875;-102.4168548583984375
1420103301.6982963085;-84.31693267822265625;-96.2055816650390625
1420104300.6992952824;-83.9654083251953125;-91.2559051513671875
1420105299.7002942562;-84.91216278076171875;-91.2373504638671875
1420106298.7012932301;-89.01297760009765625;-90.6773529052734375
1420107297.7022922039;-86.903778076171875;-89.35399627685546875
1420108296.7032911777;-85.51398468017578125;-88.10887908935546875
1420109295.7042901516;-85.66609954833984375;-87.4152069091796875
1420110294.7052891254;-85.579559326171875;-91.038177490234375
1420111293.7062880993;-86.59006500244140625;-88.95172882080078125
1420112292.7072870731;-87.81006622314453125;-92.91668701171875
1420113291.708286047;-90.45416259765625;-96.51416015625
1420114290.7092850208;-89.76932525634765625;-98.1940765380859375
1420115289.7102839947;-87.52098846435546875;-96.925872802734375
1420116288.7112829685;-86.96228790283203125;-92.8372802734375
1420117287.7122819424;-87.09844970703125;-88.3516998291015625
1420118286.7132809162;-87.38287353515625;-88.5550537109375
1420119285.7142798901;-85.08275604248046875;-94.46033477783203125
1420120284.7152788639;-83.58089447021484375;-99.5851593017578125
1420121283.7162778378;-83.4158935546875;-101.1290740966796875
1420122282.7172768116;-83.89577484130859375;-102.42633819580078125
1420123281.7182757854;-85.5583953857421875;-96.75667572021484375
1420124280.7192747593;-87.71477508544921875;-95.31314849853515625
1420125279.7202737331;-90.68363189697265625;-95.63040924072265625
1420126278.721272707;-95.5409698486328125;-98.61943817138671875
1420127277.7222716808;-96.11571502685546875;-98.9055938720703125
1420128276.7232706547;-92.93869781494140625;-97.1584930419921875
1420129275.7242696285;-90.1721038818359375;-93.47449493408203125
1420130274.7252686024;-88.379058837890625;-89.94707489013671875
1420131273.7262675762;-87.756622314453125;-92.2160186767578125
1420132272.7272665501;-87.930938720703125;-98.84246826171875
1420133271.7282655239;-85.65041351318359375;-88.61212158203125
1420134270.7292644978;-85.24102020263671875;-91.04697418212890625
1420135269.7302634716;-84.65468597412109375;-92.2570648193359375
1420136268.7312624454;-84.1107025146484375;-91.569610595703125
1420137267.7322614193;-84.4785614013671875;-89.440277099609375
1420138266.7332603931;-86.90267181396484375;-89.5253448486328125
1420139265.734259367;-87.15595245361328125;-92.06967926025390625
1420140264.7352583408;-86.036407470703125;-92.23670196533203125
1420141263.7362573147;-86.0163421630859375;-90.29239654541015625
1420142262.7372562885;-85.41806793212890625;-90.80010986328125
1420143261.7382552624;-84.78951263427734375;-94.12676239013671875
1420144260.7392542362;-84.86226654052734375;-93.4193267822265625
1420145259.7402532101;-86.05072784423828125;-92.1702880859375
1420146258.7412521839;-88.02346038818359375;-91.4626007080078125
1420147257.7422511578;-84.526336669921875;-90.8360443115234375
1420148256.7432501316;-84.2414093017578125;-89.8529510498046875
1420149255.7442491055;-85.139373779296875;-90.88674163818359375
1420150254.7452480793;-88.758819580078125;-98.8632659912109375
1420151253.7462470531;-89.6368560791015625;-98.70418548583984375
1420152252.747246027;-84.90590667724609375;-95.471282958984375
1420153251.7482450008;-82.13339996337890625;-95.71537017822265625
1420154250.7492439747;-81.0792236328125;-93.0641937255859375
1420155249.7502429485;-81.042022705078125;-92.77640533447265625
1420156248.7512419224;-81.766387939453125;-91.47283172607421875
1420157247.7522408962;-83.1837310791015625;-84.8245086669921875
1420158246.7532398701;-82.9708251953125;-85.79074859619140625
1420159245.7542388439;-83.980804443359375;-85.8235015869140625
1420160244.7552378178;-84.61539459228515625;-85.40514373779296875
1420161243.7562367916;-85.0756988525390625;-85.7274627685546875
1420162242.7572357655;-85.77696990966796875;-86.9972991943359375
1420163241.7582347393;-86.8824005126953125;-88.199951171875
1420164240.7592337132;-85.65179443359375;-92.24352264404296875
1420165239.760232687;-85.3755950927734375;-92.4376068115234375
1420166238.7612316608;-86.18547821044921875;-90.00507354736328125
1420167237.7622306347;-89.2534332275390625;-94.92520904541015625
1420168236.7632296085;-91.66156005859375;-95.8905792236328125
1420169235.7642285824;-88.70864105224609375;-91.60477447509765625
1420170234.7652275562;-88.0066375732421875;-93.3070526123046875
1420171233.7662265301;-86.414794921875;-89.74829864501953125
1420172232.7672255039;-82.96248626708984375;-90.51345062255859375
1420173231.7682244778;-80.74079132080078125;-89.702484130859375
1420174230.7692234516;-80.1822662353515625;-87.1244964599609375
1420175229.7702224255;-80.33309173583984375;-88.3763885498046875
1420176228.7712213993;-81.7657928466796875;-89.87548065185546875
1420177227.7722203732;-84.85468292236328125;-90.03997039794921875
1420178226.773219347;-83.66577911376953125;-90.54183197021484375
1420179225.7742183208;-81.424835205078125;-87.1729736328125
1420180224.7752172947;-80.12419891357421875;-83.6425933837890625
1420181223.7762162685;-79.55474853515625;-82.81587982177734375
1420182222.7772152424;-79.5582733154296875;-83.87918853759765625
1420183221.7782142162;-80.35691070556640625;-85.402618408203125
1420184220.7792131901;-82.74207305908203125;-85.54378509521484375
1420185219.7802121639;-85.56595611572265625;-87.1620025634765625
1420186218.7812111378;-86.40146636962890625;-88.22794342041015625
1420187217.7822101116;-84.97857666015625;-96.01467132568359375
1420188216.7832090855;-82.44766998291015625;-92.02005767822265625
1420189215.7842080593;-81.15337371826171875;-88.1174163818359375
1420190214.7852070332;-81.19057464599609375;-92.7743377685546875
1420191213.786206007;-82.8666534423828125;-94.34995269775390625
1420192212.7872049809;-85.27249908447265625;-91.63053131103515625
1420193211.7882039547;-85.51534271240234375;-89.244781494140625
1420194210.7892029285;-86.713134765625;-93.9502410888671875
1420195209.7902019024;-86.61746978759765625;-98.6905517578125
1420196208.7912008762;-87.16245269775390625;-89.860748291015625
1420197207.7921998501;-88.2776031494140625;-89.30866241455078125
1420198206.7931988239;-88.7394561767578125;-91.32207489013671875
1420199205.7941977978;-87.31746673583984375;-92.20111846923828125
1420200204.7951967716;-85.64019775390625;-92.20221710205078125
1420201203.7961957455;-85.83898162841796875;-91.95456695556640625
1420202202.7971947193;-87.3307342529296875;-90.297088623046875
1420203201.7981936932;-83.51262664794921875;-89.2080535888671875
1420204200.799192667;-81.78964996337890625;-88.495361328125
1420205199.8001916409;-81.4120635986328125;-91.66168212890625
1420206198.8011906147;-81.66680145263671875;-91.621337890625
1420207197.8021895885;-84.11029052734375;-88.0739898681640625
1420208196.8031885624;-85.1749725341796875;-92.93778228759765625
1420209195.8041875362;-85.24045562744140625;-90.95169830322265625
1420210194.8051865101;-86.78728485107421875;-89.737701416015625
1420211193.8061854839;-88.17778778076171875;-90.801849365234375
1420212192.8071844578;-87.48813629150390625;-90.6855010986328125
1420213191.8081834316;-87.3467254638671875;-90.61710357666015625
1420214190.8091824055;-87.34067535400390625;-90.43500518798828125
1420215189.8101813793;-84.6145477294921875;-90.33798980712890625
1420216188.8111803532;-83.8987274169921875;-89.354888916015625
1420217187.812179327;-84.00720977783203125;-88.19976806640625
1420218186.8131783009;-84.836029052734375;-87.77581024169921875
1420219185.8141772747;-86.02333831787109375;-87.22928619384765625
1420220184.8151762486;-84.426849365234375;-86.09137725830078125
1420221183.8161752224;-82.7581024169921875;-85.11508941650390625
1420222182.8171741962;-82.70632171630859375;-85.60344696044921875
1420223181.8181731701;-84.76120758056640625;-89.053680419921875
1420224180.8191721439;-90.33832550048828125;-102.33528900146484375
1420225179.8201711178;-89.67868804931640625;-97.07495880126953125
1420226178.8211700916;-86.35611724853515625;-90.95754241943359375
1420227177.8221690655;-85.212890625;-92.26953125
1420228176.8231680393;-85.19316864013671875;-92.585174560546875
1420229175.8241670132;-85.60688018798828125;-89.5056610107421875
1420230174.825165987;-85.41544342041015625;-86.882110595703125
1420231173.8261649609;-84.73574066162109375;-88.56156158447265625
1420232172.8271639347;-84.748077392578125;-91.4596099853515625
1420233171.8281629086;-85.143951416015625;-97.0993194580078125
1420234170.8291618824;-86.65541839599609375;-96.863006591796875
1420235169.8301608562;-86.5877685546875;-91.64749908447265625
1420236168.8311598301;-86.27896881103515625;-92.60590362548828125
1420237167.8321588039;-85.64344024658203125;-91.9846649169921875
1420238166.8331577778;-84.88425445556640625;-89.12176513671875
1420239165.8341567516;-84.72998046875;-88.14862823486328125
1420240164.8351557255;-84.84156036376953125;-90.01045989990234375
1420241163.8361546993;-83.53618621826171875;-87.86905670166015625
1420242162.8371536732;-82.04102325439453125;-92.49556732177734375
1420243161.838152647;-82.1129608154296875;-96.53423309326171875
1420244160.8391516209;-83.74188232421875;-96.13880157470703125
1420245159.8401505947;-87.1209564208984375;-90.825958251953125
1420246158.8411495686;-87.606475830078125;-89.6109466552734375
1420247157.8421485424;-85.38013458251953125;-89.522186279296875
1420248156.8431475163;-83.343994140625;-90.7397613525390625
1420249155.8441464901;-82.81616973876953125;-90.14239501953125
1420250154.8451454639;-83.1750335693359375;-83.1750335693359375
1420251153.8461444378;-82.2517547607421875;-82.2517547607421875
1420252152.8471434116;-72.69475555419921875;-78.73687744140625
1420253151.8481423855;-66.93453216552734375;-66.93453216552734375
1420254150.8491413593;-64.3745269775390625;-64.3745269775390625
1420255149.8501403332;-64.15793609619140625;-64.15793609619140625
1420256148.851139307;-65.39138031005859375;-65.39138031005859375
1420257147.8521382809;-69.68065643310546875;-69.68065643310546875
1420258146.8531372547;-78.1190185546875;-90.01031494140625
1420259145.8541362286;-87.33988189697265625;-87.33988189697265625
1420260144.8551352024;-86.78107452392578125;-90.0897369384765625
1420261143.8561341763;-86.7313995361328125;-89.41936492919921875
1420262142.8571331501;-86.8266754150390625;-89.074127197265625
1420263141.8581321239;-87.77727508544921875;-89.12870025634765625
1420264140.8591310978;-89.205810546875;-90.4785308837890625
1420265139.8601300716;-90.1011505126953125;-91.8858489990234375
1420266138.8611290455;-91.33709716796875;-92.2807159423828125
1420267137.8621280193;-90.36126708984375;-91.882659912109375
1420268136.8631269932;-88.14459228515625;-90.434112548828125
1420269135.864125967;-85.4718017578125;-90.90478515625
1420270134.8651249409;-84.48858642578125;-91.26947021484375
1420271133.8661239147;-85.23016357421875;-92.704193115234375
1420272132.8671228886;-91.236663818359375;-103.97057342529296875
1420273131.8681218624;-91.1245574951171875;-100.11138153076171875
1420274130.8691208363;-87.30926513671875;-98.71183013916015625
1420275129.8701198101;-86.81948089599609375;-92.777008056640625
1420276128.871118784;-86.55673980712890625;-91.036041259765625
1420277127.8721177578;-85.6429443359375;-91.61124420166015625
1420278126.8731167316;-84.46735382080078125;-91.3952178955078125
1420279125.8741157055;-83.804962158203125;-89.4976959228515625
1420280124.8751146793;-83.415008544921875;-87.97154998779296875
1420281123.8761136532;-83.0949249267578125;-90.9514923095703125
1420282122.877112627;-82.99396514892578125;-92.56646728515625
1420283121.8781116009;-83.07982635498046875;-88.7557525634765625
1420284120.8791105747;-83.8269195556640625;-85.62404632568359375
1420285119.8801095486;-83.06927490234375;-86.96136474609375
1420286118.8811085224;-83.1269378662109375;-87.971435546875
1420287117.8821074963;-84.3555755615234375;-87.480804443359375
1420288116.8831064701;-86.13477325439453125;-88.2274017333984375
1420289115.884105444;-86.34651947021484375;-88.68509674072265625
1420290114.8851044178;-87.9497222900390625;-89.29604339599609375
1420291113.8861033916;-87.73252105712890625;-94.943450927734375
1420292112.8871023655;-86.691253662109375;-94.5641632080078125
1420293111.8881013393;-85.10101318359375;-88.41619873046875
1420294110.8891003132;-84.819183349609375;-87.27370452880859375
1420295109.890099287;-85.40847015380859375;-89.51043701171875
1420296108.8910982609;-86.99895477294921875;-97.352020263671875
1420297107.8920972347;-86.93804931640625;-93.875091552734375
1420298106.8930962086;-86.940582275390625;-88.46845245361328125
1420299105.8940951824;-86.2413787841796875;-89.7975616455078125
1420300104.8950941563;-86.7371826171875;-94.03540802001953125
1420301103.8960931301;-88.88201904296875;-96.51372528076171875
1420302102.897092104;-87.6908721923828125;-95.335723876953125
1420303101.8980910778;-87.7108154296875;-91.51314544677734375
1420304100.8990900517;-85.1346588134765625;-88.61893463134765625
1420305099.9000890255;-83.18376922607421875;-87.61942291259765625
1420306098.9010879993;-83.1646728515625;-85.49594879150390625
1420307097.9020869732;-84.28662872314453125;-85.71932220458984375
1420308096.903085947;-83.270477294921875;-85.8493804931640625
1420309095.9040849209;-83.19463348388671875;-84.67351531982421875
1420310094.9050838947;-82.55267333984375;-84.6651458740234375
1420311093.9060828686;-82.57708740234375;-88.2478485107421875
1420312092.9070818424;-84.1454620361328125;-92.9734039306640625
1420313091.9080808163;-85.7714691162109375;-96.3762969970703125
1420314090.9090797901;-83.22014617919921875;-98.2081451416015625
1420315089.910078764;-82.56912994384765625;-89.5471954345703125
1420316088.9110777378;-82.05902862548828125;-86.3617706298828125
1420317087.9120767117;-81.68816375732421875;-86.2028045654296875
1420318086.9130756855;-81.742401123046875;-87.44256591796875
1420319085.9140746593;-82.2754974365234375;-88.28621673583984375
1420320084.9150736332;-83.6368560791015625;-88.66591644287109375
1420321083.916072607;-86.35257720947265625;-88.91385650634765625
1420322082.9170715809;-87.8592529296875;-90.81154632568359375
1420323081.9180705547;-86.93793487548828125;-93.8804779052734375
1420324080.9190695286;-83.5562744140625;-90.07247161865234375
1420325079.9200685024;-82.438446044921875;-85.49956512451171875
1420326078.9210674763;-82.6774444580078125;-85.8446807861328125
1420327077.9220664501;-85.53276824951171875;-93.6422119140625
1420328076.923065424;-87.5697174072265625;-100.976959228515625
1420329075.9240643978;-87.3144683837890625;-96.795318603515625
1420330074.9250633717;-89.8553009033203125;-94.3880462646484375
1420331073.9260623455;-90.3222198486328125;-93.9871673583984375
1420332072.9270613194;-86.59416961669921875;-90.898162841796875
1420333071.9280602932;-82.9891510009765625;-87.58376312255859375
1420334070.929059267;-82.406158447265625;-86.46790313720703125
1420335069.9300582409;-83.01525115966796875;-89.09568023681640625
1420336068.9310572147;-84.41587066650390625;-86.93729400634765625
1420337067.9320561886;-84.0823974609375;-86.71987152099609375
1420338066.9330551624;-84.0384674072265625;-84.75331878662109375
1420339065.9340541363;-83.971923828125;-85.1180267333984375
1420340064.9350531101;-84.45395660400390625;-86.20348358154296875
1420341063.936052084;-83.35167694091796875;-87.8720550537109375
1420342062.9370510578;-83.2266082763671875;-88.79286956787109375
1420343061.9380500317;-83.97415924072265625;-88.50341033935546875
1420344060.9390490055;-86.33623504638671875;-88.45554351806640625
1420345059.9400479794;-84.9806976318359375;-87.504730224609375
1420346058.9410469532;-83.50428009033203125;-88.02234649658203125
1420347057.942045927;-83.386199951171875;-91.40114593505859375
1420348056.9430449009;-78.543365478515625;-93.60764312744140625
1420349055.9440438747;-48.471050262451171875;-66.515625
1420350054.9450428486;-29.761754989624023438;-41.390789031982421875
1420351053.9460418224;-16.89151763916015625;-24.944360733032226563
1420352052.9470407963;-8.0660028457641601563;-13.551770210266113281
1420353051.9480397701;-2.4796271324157714844;-2.4796271324157714844
1420354050.949038744;0.26689970493316650391;0.26689970493316650391
1420355049.9500377178;0.61211377382278442383;0.61211377382278442383
1420356048.9510366917;-0.21625341475009918213;-0.21625341475009918213
1420357047.9520356655;-3.7163059711456298828;-3.7163059711456298828
1420358046.9530346394;-10.139992713928222656;-16.27149200439453125
1420359045.9540336132;-19.975383758544921875;-28.8836822509765625
1420360044.9550325871;-34.223041534423828125;-47.23412322998046875
1420361043.9560315609;-55.32706451416015625;-77.93112945556640625
1420362042.9570305347;-83.76364898681640625;-99.2977447509765625
1420363041.9580295086;-86.3930511474609375;-94.94245147705078125
1420364040.9590284824;-91.0961761474609375;-96.11991119384765625
1420365039.9600274563;-88.001312255859375;-90.45023345947265625
1420366038.9610264301;-85.9749603271484375;-89.7944793701171875
1420367037.962025404;-85.37003326416015625;-87.00274658203125
1420368036.9630243778;-85.39598846435546875;-88.83055877685546875
1420369035.9640233517;-86.6284027099609375;-91.0933990478515625
1420370034.9650223255;-89.4727935791015625;-94.77886962890625
1420371033.9660212994;-89.07035064697265625;-92.65187835693359375
1420372032.9670202732;-86.89963531494140625;-89.554290771484375
1420373031.9680192471;-86.9277801513671875;-92.62407684326171875
1420374030.9690182209;-90.0032196044921875;-93.78157806396484375
1420375029.9700171947;-88.01050567626953125;-92.69921875
1420376028.9710161686;-86.61902618408203125;-90.7489166259765625
1420377027.9720151424;-86.60626220703125;-89.6972503662109375
1420378026.9730141163;-87.64112091064453125;-88.815032958984375
1420379025.9740130901;-85.63767242431640625;-88.225677490234375
1420380024.975012064;-84.834075927734375;-87.1327362060546875
1420381023.9760110378;-84.9293060302734375;-85.85169219970703125
1420382022.9770100117;-85.23316192626953125;-87.5690460205078125
1420383021.9780089855;-85.9163818359375;-89.6431732177734375
1420384020.9790079594;-88.363739013671875;-90.26900482177734375
1420385019.9800069332;-85.59857177734375;-91.0462493896484375
1420386018.9810059071;-84.370849609375;-94.54337310791015625
1420387017.9820048809;-83.97124481201171875;-102.750030517578125
1420388016.9830038548;-84.06865692138671875;-94.423065185546875
1420389015.9840028286;-85.687713623046875;-90.03285980224609375
1420390014.9850018024;-87.11859893798828125;-88.61907958984375
1420391013.9860007763;-85.1390228271484375;-88.55632781982421875
1420392012.9869997501;-84.472991943359375;-92.29270172119140625
1420393011.987998724;-84.46010589599609375;-99.88574981689453125
1420394010.9889976978;-85.5892486572265625;-97.75736236572265625
1420395009.9899966717;-89.10253143310546875;-90.42290496826171875
1420396008.9909956455;-88.6674652099609375;-91.35631561279296875
1420397007.9919946194;-87.3021392822265625;-97.0788116455078125
1420398006.9929935932;-84.42181396484375;-92.23665618896484375
1420399005.9939925671;-84.25983428955078125;-88.7088470458984375
1420400004.9949915409;-84.638092041015625;-88.0851898193359375
1420401003.9959905148;-86.0658721923828125;-90.3622589111328125
1420402002.9969894886;-84.96314239501953125;-91.180023193359375
1420403001.9979884624;-83.0199737548828125;-83.0199737548828125
1420404000.9989874363;-81.99773406982421875;-81.99773406982421875
1420404999.9999864101;-76.92122650146484375;-76.92122650146484375
1420405999.000985384;-75.5411529541015625;-75.5411529541015625
1420406998.0019843578;-75.8641357421875;-75.8641357421875
1420407997.0029833317;-79.08591461181640625;-79.08591461181640625
1420408996.0039823055;-85.355621337890625;-85.355621337890625
1420409995.0049812794;-84.10509490966796875;-84.10509490966796875
1420410994.0059802532;-83.36431121826171875;-83.36431121826171875
1420411993.0069792271;-83.95000457763671875;-87.5727996826171875
1420412992.0079782009;-87.19498443603515625;-90.6845703125
1420413991.0089771748;-86.83086395263671875;-90.570892333984375
1420414990.0099761486;-83.790985107421875;-88.52817535400390625
1420415989.0109751225;-83.33359527587890625;-86.6826324462890625
1420416988.0119740963;-83.18962860107421875;-85.82196044921875
1420417987.0129730701;-83.34741973876953125;-87.7989044189453125
1420418986.013972044;-85.3570709228515625;-91.394012451171875
1420419985.0149710178;-82.00466156005859375;-84.692718505859375
1420420984.0159699917;-81.36550140380859375;-84.16732025146484375
1420421983.0169689655;-81.5640716552734375;-85.57028961181640625
1420422982.0179679394;-82.72913360595703125;-87.10332489013671875
1420423981.0189669132;-84.05263519287109375;-87.5279693603515625
1420424980.0199658871;-83.8439178466796875;-87.21562957763671875
1420425979.0209648609;-83.20507049560546875;-85.97607421875
1420426978.0219638348;-83.20441436767578125;-85.99764251708984375
1420427977.0229628086;-84.06116485595703125;-89.28099822998046875
1420428976.0239617825;-85.80966949462890625;-103.12699127197265625
1420429975.0249607563;-86.464263916015625;-96.76848602294921875
1420430974.0259597301;-87.919158935546875;-92.5855865478515625
1420431973.026958704;-91.50273895263671875;-92.97187042236328125
1420432972.0279576778;-85.71009063720703125;-94.9442138671875
1420433971.0289566517;-82.90018463134765625;-95.1486053466796875
1420434970.0299556255;-82.729248046875;-93.9549102783203125
1420435969.0309545994;-84.07952880859375;-92.69210052490234375
1420436968.0319535732;-88.57732391357421875;-94.6004791259765625
1420437967.0329525471;-90.1363067626953125;-101.67661285400390625
1420438966.0339515209;-90.5755157470703125;-96.64630889892578125
1420439965.0349504948;-85.86510467529296875;-94.03220367431640625
1420440964.0359494686;-84.0915679931640625;-91.86411285400390625
1420441963.0369484425;-83.97998809814453125;-89.89618682861328125
1420442962.0379474163;-84.725189208984375;-89.7875518798828125
1420443961.0389463902;-86.608917236328125;-92.34027862548828125
1420444960.039945364;-89.55925750732421875;-101.47306060791015625
1420445959.0409443378;-84.9817962646484375;-99.89672088623046875
1420446958.0419433117;-83.6161651611328125;-91.0629730224609375
1420447957.0429422855;-81.87589263916015625;-87.97258758544921875
1420448956.0439412594;-50.76873779296875;-69.56040191650390625
1420449955.0449402332;-31.327219009399414063;-43.4022979736328125
1420450954.0459392071;-17.9775390625;-26.330364227294921875
1420451953.0469381809;-8.7934551239013671875;-14.508996963500976563
1420452952.0479371548;-2.9059581756591796875;-2.9059581756591796875
1420453951.0489361286;0.1139060482382774353;0.1139060482382774353
1420454950.0499351025;0.63532716035842895508;0.63532716035842895508
1420455949.0509340763;-0.016179811209440231323;-0.016179811209440231323
1420456948.0519330502;-3.2391669750213623047;-3.2391669750213623047
1420457947.052932024;-9.3531923294067382813;-15.244524002075195313
1420458946.0539309978;-18.812410354614257813;-27.399417877197265625
1420459945.0549299717;-32.5411834716796875;-45.01459503173828125
1420460944.0559289455;-52.689205169677734375;-72.53847503662109375
1420461943.0569279194;-85.51013946533203125;-85.51013946533203125
1420462942.0579268932;-87.40331268310546875;-90.2366790771484375
1420463941.0589258671;-87.42009735107421875;-89.785400390625
1420464940.0599248409;-84.90918731689453125;-89.1722564697265625
1420465939.0609238148;-81.8708648681640625;-91.4547576904296875
1420466938.0619227886;-81.36394500732421875;-94.40911102294921875
1420467937.0629217625;-81.5943756103515625;-89.75539398193359375
1420468936.0639207363;-82.023040771484375;-86.56154632568359375
1420469935.0649197102;-82.25567626953125;-88.74304962158203125
1420470934.065918684;-82.668487548828125;-87.92974090576171875
1420471933.0669176579;-82.90058135986328125;-86.09175872802734375
1420472932.0679166317;-83.6809539794921875;-87.88468170166015625
1420473931.0689156055;-84.47149658203125;-91.2571868896484375
1420474930.0699145794;-83.0888671875;-94.95539093017578125
1420475929.0709135532;-82.28992462158203125;-99.33133697509765625
1420476928.0719125271;-82.2982940673828125;-92.7551727294921875
1420477927.0729115009;-82.8136749267578125;-91.3383331298828125
1420478926.0739104748;-83.33304595947265625;-95.25566864013671875
1420479925.0749094486;-84.97916412353515625;-91.4985809326171875
1420480924.0759084225;-88.36966705322265625;-92.9216156005859375
1420481923.0769073963;-86.37921905517578125;-98.39762115478515625
1420482922.0779063702;-86.51923370361328125;-90.9577789306640625
1420483921.078905344;-85.70890045166015625;-96.9958953857421875
1420484920.0799043179;-85.12696075439453125;-89.269134521484375
1420485919.0809032917;-85.41965484619140625;-87.63265228271484375
1420486918.0819022655;-87.855010986328125;-91.3904571533203125
1420487917.0829012394;-91.46703338623046875;-98.039031982421875
1420488916.0839002132;-90.30071258544921875;-96.2585906982421875
1420489915.0848991871;-86.15207672119140625;-90.38941192626953125
1420490914.0858981609;-84.15558624267578125;-85.95110321044921875
1420491913.0868971348;-83.32196044921875;-86.89310455322265625
1420492912.0878961086;-83.306243896484375;-90.7158660888671875
1420493911.0888950825;-84.1869049072265625;-89.7522430419921875
1420494910.0898940563;-86.56250762939453125;-90.158721923828125
1420495909.0908930302;-88.5823211669921875;-90.42452239990234375
1420496908.091892004;-84.541015625;-88.810089111328125
1420497907.0928909779;-82.29294586181640625;-87.391571044921875
1420498906.0938899517;-82.073974609375;-84.639251708984375
1420499905.0948889256;-82.9980010986328125;-84.358795166015625
1420500904.0958878994;-83.43912506103515625;-85.4130706787109375
1420501903.0968868732;-85.577728271484375;-88.66106414794921875
1420502902.0978858471;-87.2409210205078125;-93.1909637451171875
1420503901.0988848209;-84.69269561767578125;-92.3084869384765625
1420504900.0998837948;-80.2545013427734375;-85.55171966552734375
1420505899.1008827686;-78.71202850341796875;-84.17547607421875
1420506898.1018817425;-78.77236175537109375;-87.32846832275390625
1420507897.1028807163;-80.7855377197265625;-92.4844818115234375
1420508896.1038796902;-86.05951690673828125;-93.3171539306640625
1420509895.104878664;-84.64795684814453125;-91.60500335693359375
1420510894.1058776379;-84.170623779296875;-88.1682891845703125
1420511893.1068766117;-85.1477813720703125;-86.580108642578125
1420512892.1078755856;-86.33577728271484375;-89.12860107421875
1420513891.1088745594;-86.34310150146484375;-90.92716217041015625
1420514890.1098735332;-87.613555908203125;-90.24927520751953125
1420515889.1108725071;-87.80983734130859375;-104.03707122802734375
1420516888.1118714809;-88.1430511474609375;-110.4718170166015625
1420517887.1128704548;-87.2603607177734375;-91.0263214111328125
1420518886.1138694286;-87.0965118408203125;-88.1472015380859375
1420519885.1148684025;-87.267181396484375;-90.78118896484375
1420520884.1158673763;-87.82457733154296875;-92.09758758544921875
1420521883.1168663502;-87.27167510986328125;-90.7254638671875
1420522882.117865324;-86.06378173828125;-90.90361785888671875
1420523881.1188642979;-84.34075164794921875;-86.723724365234375
1420524880.1198632717;-82.43845367431640625;-85.5394287109375
1420525879.1208622456;-81.94333648681640625;-88.0262298583984375
1420526878.1218612194;-82.0343780517578125;-91.27422332763671875
1420527877.1228601933;-83.02045440673828125;-90.464324951171875
1420528876.1238591671;-85.65460205078125;-90.32917022705078125
1420529875.1248581409;-88.0440216064453125;-93.56807708740234375
1420530874.1258571148;-85.7923583984375;-104.26369476318359375
1420531873.1268560886;-85.613922119140625;-93.14408111572265625
1420532872.1278550625;-84.83760833740234375;-86.629364013671875
1420533871.1288540363;-83.691680908203125;-87.4768218994140625
1420534870.1298530102;-83.696044921875;-90.0595855712890625
1420535869.130851984;-84.92749786376953125;-91.3006591796875
1420536868.1318509579;-85.56085205078125;-89.8743438720703125
1420537867.1328499317;-84.7676849365234375;-89.0405120849609375
1420538866.1338489056;-84.97510528564453125;-90.94754791259765625
1420539865.1348478794;-87.4595489501953125;-91.46743011474609375
1420540864.1358468533;-89.20328521728515625;-91.0405120849609375
1420541863.1368458271;-88.932647705078125;-93.3772125244140625
1420542862.1378448009;-90.28655242919921875;-99.81224822998046875
1420543861.1388437748;-91.694549560546875;-96.90158843994140625
1420544860.1398427486;-91.03958892822265625;-95.48789215087890625
1420545859.1408417225;-89.31887054443359375;-101.83501434326171875
1420546858.1418406963;-89.07342529296875;-95.359527587890625
1420547857.1428396702;-88.68470001220703125;-90.79669189453125
1420548856.143838644;-88.1084442138671875;-90.68799591064453125
1420549855.1448376179;-88.80971527099609375;-92.1548614501953125
1420550854.1458365917;-83.45536041259765625;-90.00848388671875
1420551853.1468355656;-74.633087158203125;-80.35199737548828125
1420552852.1478345394;-68.357818603515625;-68.357818603515625
1420553851.1488335133;-64.957122802734375;-64.957122802734375
1420554850.1498324871;-64.2283782958984375;-64.2283782958984375
1420555849.150831461;-64.7100067138671875;-64.7100067138671875
1420556848.1518304348;-67.7249755859375;-67.7249755859375
1420557847.1528294086;-73.6461639404296875;-79.33905792236328125
1420558846.1538283825;-82.52666473388671875;-82.52666473388671875
1420559845.1548273563;-86.6917266845703125;-86.6917266845703125
1420560844.1558263302;-88.7843170166015625;-88.7843170166015625
1420561843.156825304;-88.439727783203125;-88.439727783203125
1420562842.1578242779;-84.58881378173828125;-88.076019287109375
1420563841.1588232517;-85.7389373779296875;-90.2622833251953125
1420564840.1598222256;-86.19887542724609375;-94.00009918212890625
1420565839.1608211994;-85.85764312744140625;-93.825958251953125
1420566838.1618201733;-86.98593902587890625;-92.2263031005859375
1420567837.1628191471;-85.863189697265625;-90.852386474609375
1420568836.163818121;-85.94670867919921875;-88.202880859375
1420569835.1648170948;-85.46489715576171875;-86.8354339599609375
1420570834.1658160686;-84.4451751708984375;-85.484588623046875
1420571833.1668150425;-83.88824462890625;-84.76921844482421875
1420572832.1678140163;-84.3187103271484375;-86.29918670654296875
1420573831.1688129902;-85.39479827880859375;-92.53749847412109375
1420574830.169811964;-85.36426544189453125;-88.7274627685546875
1420575829.1708109379;-82.96478271484375;-85.05078125
1420576828.1718099117;-81.92565155029296875;-83.74652099609375
1420577827.1728088856;-81.8690643310546875;-83.598876953125
1420578826.1738078594;-82.5284423828125;-85.8685302734375
1420579825.1748068333;-83.96271514892578125;-94.54975128173828125
1420580824.1758058071;-86.04418182373046875;-93.89093017578125
1420581823.176804781;-87.25809478759765625;-91.9494476318359375
1420582822.1778037548;-86.1171722412109375;-88.99132537841796875
1420583821.1788027287;-85.74878692626953125;-91.8727569580078125
1420584820.1798017025;-85.78064727783203125;-98.76250457763671875
1420585819.1808006763;-86.037506103515625;-98.54998779296875
1420586818.1817996502;-85.2317657470703125;-92.97748565673828125
1420587817.182798624;-83.1526947021484375;-89.94785308837890625
1420588816.1837975979;-82.42549896240234375;-87.3350830078125
1420589815.1847965717;-82.4954376220703125;-85.8194122314453125
1420590814.1857955456;-83.155609130859375;-84.87461090087890625
1420591813.1867945194;-83.197540283203125;-84.18186187744140625
1420592812.1877934933;-82.73388671875;-85.50226593017578125
1420593811.1887924671;-82.68670654296875;-86.78517913818359375
1420594810.189791441;-83.44815826416015625;-86.8563385009765625
1420595809.1907904148;-85.97576141357421875;-93.88446807861328125
1420596808.1917893887;-86.13219451904296875;-89.79396820068359375
1420597807.1927883625;-87.0381317138671875;-90.77435302734375
1420598806.1937873363;-88.5970306396484375;-97.18902587890625
1420599805.1947863102;-84.666229248046875;-91.171478271484375
1420600804.195785284;-82.83477020263671875;-97.10063934326171875
1420601803.1967842579;-82.79416656494140625;-88.89315032958984375
1420602802.1977832317;-82.71140289306640625;-85.36139678955078125
1420603801.1987822056;-82.65667724609375;-89.6145477294921875
1420604800.1997811794;-83.5495758056640625;-94.33722686767578125
1420605799.2007801533;-83.64952850341796875;-92.29506683349609375
1420606798.2017791271;-82.5120849609375;-88.9971923828125
1420607797.202778101;-82.24852752685546875;-87.85015869140625
1420608796.2037770748;-83.1108551025390625;-88.56280517578125
1420609795.2047760487;-87.76900482177734375;-91.917633056640625
1420610794.2057750225;-89.9471588134765625;-93.97920989990234375
1420611793.2067739964;-91.69046783447265625;-97.253753662109375
1420612792.2077729702;-88.6544342041015625;-98.14025115966796875
1420613791.208771944;-87.40799713134765625;-97.39312744140625
1420614790.2097709179;-87.2627410888671875;-104.3540802001953125
1420615789.2107698917;-88.88927459716796875;-93.68274688720703125
1420616788.2117688656;-90.213623046875;-97.565673828125
1420617787.2127678394;-88.9361572265625;-98.65631103515625
1420618786.2137668133;-86.9953460693359375;-96.47255706787109375
1420619785.2147657871;-86.25824737548828125;-94.28165435791015625
1420620784.215764761;-86.47115325927734375;-93.42932891845703125
1420621783.2167637348;-88.206146240234375;-92.2062835693359375
1420622782.2177627087;-87.039337158203125;-90.2605438232421875
1420623781.2187616825;-86.3509979248046875;-89.51018524169921875
1420624780.2197606564;-86.4346771240234375;-88.0417327880859375
1420625779.2207596302;-86.056121826171875;-87.6764068603515625
1420626778.221758604;-83.82242584228515625;-87.69371795654296875
1420627777.2227575779;-83.33940887451171875;-87.90926361083984375
1420628776.2237565517;-83.4310455322265625;-91.19058990478515625
1420629775.2247555256;-84.17779541015625;-97.377410888671875
1420630774.2257544994;-85.3734283447265625;-95.82611083984375
1420631773.2267534733;-86.65557098388671875;-89.38867950439453125
1420632772.2277524471;-84.9927825927734375;-87.8703765869140625
1420633771.228751421;-84.9998626708984375;-87.34299468994140625
1420634770.2297503948;-83.868072509765625;-88.44890594482421875
1420635769.2307493687;-82.99500274658203125;-89.9265899658203125
1420636768.2317483425;-82.9926910400390625;-88.59601593017578125
1420637767.2327473164;-83.79351043701171875;-86.26911163330078125
1420638766.2337462902;-85.84848785400390625;-88.0113372802734375
1420639765.2347452641;-88.14342498779296875;-92.28974151611328125
1420640764.2357442379;-84.94939422607421875;-99.09200286865234375
1420641763.2367432117;-84.61209869384765625;-95.65657806396484375
1420642762.2377421856;-85.484771728515625;-91.097930908203125
1420643761.2387411594;-87.518096923828125;-90.9347381591796875
1420644760.2397401333;-86.85943603515625;-91.45192718505859375
1420645759.2407391071;-86.9824981689453125;-93.02289581298828125
1420646758.241738081;-85.83455657958984375;-96.41095733642578125
1420647757.2427370548;-83.84084320068359375;-98.35179901123046875
1420648756.2437360287;-83.48516845703125;-95.692840576171875
1420649755.2447350025;-84.14885711669921875;-95.300933837890625
1420650754.2457339764;-88.658843994140625;-91.93603515625
1420651753.2467329502;-85.83110809326171875;-88.5947418212890625
1420652752.2477319241;-84.6172943115234375;-88.24292755126953125
1420653751.2487308979;-84.5732879638671875;-88.06882476806640625
1420654750.2497298717;-85.76175689697265625;-87.3882904052734375
1420655749.2507288456;-85.6860809326171875;-89.52813720703125
1420656748.2517278194;-86.1946563720703125;-94.23867034912109375
1420657747.2527267933;-88.19356536865234375;-99.7635345458984375
1420658746.2537257671;-85.83925628662109375;-100.95656585693359375
1420659745.254724741;-85.67803192138671875;-99.9619598388671875
1420660744.2557237148;-86.54773712158203125;-94.09046173095703125
1420661743.2567226887;-87.521240234375;-92.24887847900390625
1420662742.2577216625;-88.1232147216796875;-92.70904541015625
1420663741.2587206364;-86.11000823974609375;-92.359283447265625
1420664740.2597196102;-83.3451690673828125;-93.1613311767578125
1420665739.2607185841;-81.8580780029296875;-98.04938507080078125
1420666738.2617175579;-81.66558074951171875;-95.449951171875
1420667737.2627165318;-82.1775970458984375;-88.60686492919921875
1420668736.2637155056;-84.36293792724609375;-86.81317901611328125
1420669735.2647144794;-84.28202056884765625;-91.52390289306640625
1420670734.2657134533;-84.6254425048828125;-92.02333831787109375
1420671733.2667124271;-85.9062957763671875;-89.2650604248046875
1420672732.267711401;-85.77451324462890625;-88.114959716796875
1420673731.2687103748;-84.49297332763671875;-88.20522308349609375
1420674730.2697093487;-84.14715576171875;-87.792938232421875
1420675729.2707083225;-84.24845123291015625;-87.12886810302734375
1420676728.2717072964;-84.85643768310546875;-86.8345794677734375
1420677727.2727062702;-85.20270538330078125;-86.8653717041015625
1420678726.2737052441;-85.5212860107421875;-88.33359527587890625
1420679725.2747042179;-85.045684814453125;-93.8563690185546875
1420680724.2757031918;-83.609619140625;-92.658294677734375
1420681723.2767021656;-82.27080535888671875;-88.2291107177734375
1420682722.2777011395;-81.4902191162109375;-86.75824737548828125
1420683721.2787001133;-81.41262054443359375;-86.56595611572265625
1420684720.2796990871;-81.8828887939453125;-87.81851959228515625
1420685719.280698061;-83.91977691650390625;-90.5093841552734375
1420686718.2816970348;-88.287322998046875;-94.8091278076171875
1420687717.2826960087;-86.9619140625;-96.53932952880859375
1420688716.2836949825;-84.90196990966796875;-88.01117706298828125
1420689715.2846939564;-83.99997711181640625;-86.37558746337890625
1420690714.2856929302;-83.91161346435546875;-86.2750701904296875
1420691713.2866919041;-84.468719482421875;-86.64859771728515625
1420692712.2876908779;-85.13764190673828125;-87.94786834716796875
1420693711.2886898518;-83.7299957275390625;-91.8750152587890625
1420694710.2896888256;-83.90484619140625;-97.25403594970703125
1420695709.2906877995;-86.75110626220703125;-91.001190185546875
1420696708.2916867733;-87.59868621826171875;-104.08489990234375
1420697707.2926857471;-85.35385894775390625;-101.115753173828125
1420698706.293684721;-83.92441558837890625;-95.893768310546875
1420699705.2946836948;-83.7178802490234375;-88.37354278564453125
1420700704.2956826687;-83.91580963134765625;-85.9513092041015625
1420701703.2966816425;-84.89356231689453125;-86.83980560302734375
1420702702.2976806164;-87.09915924072265625;-89.0476837158203125
1420703701.2986795902;-87.1024322509765625;-91.18543243408203125
1420704700.2996785641;-85.514495849609375;-91.2926483154296875
1420705699.3006775379;-85.53778839111328125;-91.347747802734375
1420706698.3016765118;-86.21729278564453125;-88.9673004150390625
1420707697.3026754856;-84.13394927978515625;-89.63115692138671875
1420708696.3036744595;-83.8068695068359375;-88.2072906494140625
1420709695.3046734333;-84.04965972900390625;-87.63315582275390625
1420710694.3056724072;-85.0442047119140625;-90.90047454833984375
1420711693.306671381;-86.53353118896484375;-96.0274505615234375
1420712692.3076703548;-88.69964599609375;-99.5330963134765625
1420713691.3086693287;-85.312896728515625;-93.70261383056640625
1420714690.3096683025;-83.10402679443359375;-87.6997528076171875
1420715689.3106672764;-82.7551116943359375;-89.27637481689453125
1420716688.3116662502;-83.34708404541015625;-91.63379669189453125
1420717687.3126652241;-85.5809326171875;-91.81253814697265625
1420718686.3136641979;-88.938018798828125;-91.4383392333984375
1420719685.3146631718;-89.15753936767578125;-91.9803619384765625
1420720684.3156621456;-87.94031524658203125;-99.45713043212890625
1420721683.3166611195;-88.07950592041015625;-102.36817169189453125
1420722682.3176600933;-90.0323333740234375;-101.529205322265625
1420723681.3186590672;-90.3058319091796875;-94.40172576904296875
1420724680.319658041;-90.02144622802734375;-91.018463134765625
1420725679.3206570148;-90.13494110107421875;-99.563507080078125
1420726678.3216559887;-90.50146484375;-99.21563720703125
1420727677.3226549625;-90.1697235107421875;-92.480865478515625
1420728676.3236539364;-88.1064300537109375;-96.42246246337890625
1420729675.3246529102;-87.046630859375;-89.00040435791015625
1420730674.3256518841;-87.06304168701171875;-88.64532470703125
1420731673.3266508579;-88.362091064453125;-91.75439453125
1420732672.3276498318;-86.4567413330078125;-92.13907623291015625
1420733671.3286488056;-85.9873504638671875;-90.54314422607421875
1420734670.3296477795;-86.52796173095703125;-88.59947967529296875
1420735669.3306467533;-87.09735107421875;-91.22295379638671875
1420736668.3316457272;-87.7081451416015625;-94.24786376953125
1420737667.332644701;-90.64009857177734375;-93.751312255859375
1420738666.3336436749;-91.33383941650390625;-96.321685791015625
1420739665.3346426487;-93.0423583984375;-97.49588775634765625
1420740664.3356416225;-90.4820404052734375;-101.63135528564453125
1420741663.3366405964;-90.292388916015625;-104.34839630126953125
1420742662.3376395702;-92.46254730224609375;-97.96759033203125
1420743661.3386385441;-88.66397857666015625;-92.43457794189453125
1420744660.3396375179;-87.4974212646484375;-88.7932281494140625
1420745659.3406364918;-86.8916473388671875;-88.8777008056640625
1420746658.3416354656;-86.26595306396484375;-90.808807373046875
1420747657.3426344395;-86.2445068359375;-90.796905517578125
1420748656.3436334133;-86.838409423828125;-90.18331146240234375
1420749655.3446323872;-87.7047882080078125;-93.37294769287109375
1420750654.345631361;-87.004302978515625;-94.0319061279296875
1420751653.3466303349;-87.02590179443359375;-91.51108551025390625
1420752652.3476293087;-88.10056304931640625;-89.70709228515625
1420753651.3486282825;-87.74799346923828125;-88.68548583984375
1420754650.3496272564;-87.33121490478515625;-88.5377197265625
1420755649.3506262302;-85.3947296142578125;-90.792388916015625
1420756648.3516252041;-85.1939697265625;-102.35541534423828125
1420757647.3526241779;-85.95462799072265625;-91.1771240234375
1420758646.3536231518;-87.252197265625;-89.6453094482421875
1420759645.3546221256;-87.83951568603515625;-90.25373077392578125
1420760644.3556210995;-88.75673675537109375;-90.42792510986328125
1420761643.3566200733;-88.09307861328125;-93.82636260986328125
1420762642.3576190472;-88.11309051513671875;-96.40215301513671875
1420763641.358618021;-88.9288177490234375;-96.09759521484375
1420764640.3596169949;-88.4097900390625;-92.06780242919921875
1420765639.3606159687;-86.71620941162109375;-92.5069732666015625
1420766638.3616149426;-86.5020904541015625;-91.81109619140625
1420767637.3626139164;-86.57611846923828125;-94.890228271484375
1420768636.3636128902;-86.65242767333984375;-100.7917022705078125
1420769635.3646118641;-84.63600921630859375;-87.6429290771484375
1420770634.3656108379;-83.04256439208984375;-89.685577392578125
1420771633.3666098118;-82.93597412109375;-91.5662384033203125
1420772632.3676087856;-84.125091552734375;-89.62451934814453125
1420773631.3686077595;-86.20446014404296875;-86.979644775390625
1420774630.3696067333;-86.6462249755859375;-87.63690185546875
1420775629.3706057072;-88.27962493896484375;-90.27066802978515625
1420776628.371604681;-91.10572052001953125;-95.02124786376953125
1420777627.3726036549;-91.83069610595703125;-102.94745635986328125
1420778626.3736026287;-93.86324310302734375;-97.8223724365234375
1420779625.3746016026;-92.1374664306640625;-96.31964874267578125
1420780624.3756005764;-89.788055419921875;-91.8161468505859375
1420781623.3765995502;-89.4161224365234375;-91.54964447021484375
1420782622.3775985241;-90.63207244873046875;-97.05011749267578125
1420783621.3785974979;-89.09917449951171875;-96.99897003173828125
1420784620.3795964718;-85.262176513671875;-92.060150146484375
1420785619.3805954456;-83.75616455078125;-89.66648101806640625
1420786618.3815944195;-83.88155364990234375;-91.64156341552734375
1420787617.3825933933;-86.066925048828125;-92.587310791015625
1420788616.3835923672;-87.0618743896484375;-106.1478424072265625
1420789615.384591341;-85.06497955322265625;-101.30120849609375
1420790614.3855903149;-84.321929931640625;-95.30025482177734375
1420791613.3865892887;-84.3088531494140625;-92.27802276611328125
1420792612.3875882626;-85.04619598388671875;-94.675689697265625
1420793611.3885872364;-87.311187744140625;-95.08231353759765625
1420794610.3895862103;-92.704010009765625;-99.9012603759765625
1420795609.3905851841;-91.10529327392578125;-97.50928497314453125
1420796608.3915841579;-88.15831756591796875;-90.67193603515625
1420797607.3925831318;-88.1357269287109375;-89.21839141845703125
1420798606.3935821056;-87.5885009765625;-88.57357025146484375
1420799605.3945810795;-85.90688323974609375;-87.758941650390625
1420800604.3955800533;-85.13062286376953125;-85.9390106201171875
1420801603.3965790272;-84.94339752197265625;-86.0777435302734375
1420802602.397578001;-85.06142425537109375;-86.43323516845703125
1420803601.3985769749;-84.1502532958984375;-89.00791168212890625
1420804600.3995759487;-84.0446014404296875;-92.4242095947265625
1420805599.4005749226;-84.62796783447265625;-91.64308929443359375
1420806598.4015738964;-86.66513824462890625;-88.6905975341796875
1420807597.4025728703;-87.7673187255859375;-92.29814910888671875
1420808596.4035718441;-89.2159576416015625;-94.91953277587890625
1420809595.4045708179;-91.77777099609375;-95.0922698974609375
1420810594.4055697918;-88.60135650634765625;-100.93262481689453125
1420811593.4065687656;-86.96561431884765625;-97.66077423095703125
1420812592.4075677395;-86.2245025634765625;-93.13431549072265625
1420813591.4085667133;-85.5774993896484375;-89.95926666259765625
1420814590.4095656872;-81.50191497802734375;-92.20822906494140625
1420815589.410564661;-80.0167999267578125;-93.514007568359375
1420816588.4115636349;-80.00009918212890625;-87.247589111328125
1420817587.4125626087;-81.191680908203125;-85.8350067138671875
1420818586.4135615826;-83.73813629150390625;-85.18785858154296875
1420819585.4145605564;-84.5374603271484375;-85.5997314453125
1420820584.4155595303;-84.87052154541015625;-87.73828125
1420821583.4165585041;-86.5627593994140625;-93.715606689453125
1420822582.417557478;-89.39739990234375;-93.7561187744140625
1420823581.4185564518;-87.976776123046875;-100.951263427734375
1420824580.4195554256;-86.669708251953125;-88.3971099853515625
1420825579.4205543995;-85.6934967041015625;-91.62662506103515625
1420826578.4215533733;-85.434326171875;-97.2637786865234375
1420827577.4225523472;-85.6738739013671875;-92.10491180419921875
1420828576.423551321;-87.34043121337890625;-93.12537384033203125
1420829575.4245502949;-84.8426055908203125;-103.30416107177734375
1420830574.4255492687;-83.57049560546875;-102.69953155517578125
1420831573.4265482426;-83.52405548095703125;-95.25705718994140625
1420832572.4275472164;-84.69715118408203125;-93.9221343994140625
1420833571.4285461903;-88.22557830810546875;-91.039306640625
1420834570.4295451641;-87.39226531982421875;-90.857391357421875
1420835569.430544138;-87.2983245849609375;-88.22994232177734375
1420836568.4315431118;-87.1711578369140625;-89.31620025634765625
1420837567.4325420856;-88.17516326904296875;-92.16307830810546875
1420838566.4335410595;-91.30092620849609375;-98.43238067626953125
1420839565.4345400333;-95.76671600341796875;-102.44506072998046875
1420840564.4355390072;-93.1426544189453125;-98.4522857666015625
1420841563.436537981;-91.21263885498046875;-93.90708160400390625
1420842562.4375369549;-90.2310333251953125;-92.696319580078125
1420843561.4385359287;-90.62145233154296875;-92.921417236328125
1420844560.4395349026;-90.02840423583984375;-91.049530029296875
1420845559.4405338764;-88.35807037353515625;-91.01488494873046875
1420846558.4415328503;-88.08971405029296875;-91.53115081787109375
1420847557.4425318241;-89.58341217041015625;-93.8750152587890625
1420848556.443530798;-88.903717041015625;-101.56397247314453125
1420849555.4445297718;-88.87575531005859375;-93.89237213134765625
1420850554.4455287457;-89.46183013916015625;-94.16507720947265625
1420851553.4465277195;-90.770721435546875;-97.6781005859375
1420852552.4475266933;-90.6026153564453125;-95.31891632080078125
1420853551.4485256672;-86.189483642578125;-94.3658447265625
1420854550.449524641;-84.403411865234375;-93.4013824462890625
1420855549.4505236149;-84.17047882080078125;-95.57993316650390625
1420856548.4515225887;-84.3497161865234375;-98.52053070068359375
1420857547.4525215626;-85.1029052734375;-90.21266937255859375
1420858546.4535205364;-84.1201629638671875;-95.630828857421875
1420859545.4545195103;-83.946197509765625;-92.737030029296875
1420860544.4555184841;-84.8296966552734375;-87.86307525634765625
1420861543.456517458;-84.906463623046875;-91.0957489013671875
1420862542.4575164318;-87.4653472900390625;-93.4556427001953125
1420863541.4585154057;-88.1922149658203125;-95.93863677978515625
1420864540.4595143795;-85.76318359375;-92.31937408447265625
1420865539.4605133533;-85.9358673095703125;-90.365386962890625
1420866538.4615123272;-85.4158172607421875;-88.55620574951171875
1420867537.462511301;-84.846893310546875;-87.39572906494140625
1420868536.4635102749;-85.5333099365234375;-88.1451416015625
1420869535.4645092487;-85.966949462890625;-93.106292724609375
1420870534.4655082226;-87.073699951171875;-88.7440948486328125
1420871533.4665071964;-87.22263336181640625;-88.82253265380859375
1420872532.4675061703;-87.4375457763671875;-99.4576263427734375
1420873531.4685051441;-90.0199432373046875;-96.134002685546875
1420874530.469504118;-90.9100189208984375;-95.9820709228515625
1420875529.4705030918;-91.2656097412109375;-97.6540679931640625
1420876528.4715020657;-91.949859619140625;-93.92539215087890625
1420877527.4725010395;-92.6383056640625;-101.7891998291015625
1420878526.4735000134;-91.2461090087890625;-94.580780029296875
1420879525.4744989872;-89.52149200439453125;-91.4405517578125
1420880524.475497961;-88.5439605712890625;-94.3599090576171875
1420881523.4764969349;-87.5355072021484375;-99.23409271240234375
1420882522.4774959087;-87.15686798095703125;-93.5435943603515625
1420883521.4784948826;-88.01882171630859375;-90.777069091796875
1420884520.4794938564;-86.36574554443359375;-92.571044921875
1420885519.4804928303;-84.74748992919921875;-88.54918670654296875
1420886518.4814918041;-82.36136627197265625;-84.5189361572265625
1420887517.482490778;-81.94049835205078125;-85.43048858642578125
1420888516.4834897518;-82.269134521484375;-87.26786041259765625
1420889515.4844887257;-84.02167510986328125;-89.0412750244140625
1420890514.4854876995;-87.26625823974609375;-90.40135955810546875
1420891513.4864866734;-90.50441741943359375;-91.56658935546875
1420892512.4874856472;-88.332611083984375;-92.4969635009765625
1420893511.488484621;-87.4642333984375;-93.84720611572265625
1420894510.4894835949;-87.52337646484375;-93.87334442138671875
1420895509.4904825687;-88.54524993896484375;-90.97370147705078125
1420896508.4914815426;-86.01930999755859375;-88.771728515625
1420897507.4924805164;-85.4921112060546875;-87.0569610595703125
1420898506.4934794903;-85.5421142578125;-86.08872222900390625
1420899505.4944784641;-85.73492431640625;-89.5454559326171875
1420900504.495477438;-86.1345672607421875;-89.81037139892578125
1420901503.4964764118;-84.12421417236328125;-90.60398101806640625
1420902502.4974753857;-83.163177490234375;-91.943023681640625
1420903501.4984743595;-81.7571258544921875;-92.734100341796875
1420904500.4994733334;-81.0405426025390625;-93.58989715576171875
