Type;FSVA3044;
Version;1.31;
Date;24.Mar 2026;
Mode;ANALYZER;
Preamplifier;OFF;
Transducer;OFF;
Center Freq;1420405000.000000;Hz
Freq Offset;0.000000;Hz
Start;1419905000.000000;Hz
Stop;1420905000.000000;Hz
Span;1000000.000000;Hz
Ref Level;20.000000;dBm
Level Offset;0.000000;dB
Rf Att;30.000000;dB
El Att;0.000000;dB
RBW;3000.000000;Hz
VBW;1000.000000;Hz
SWT;0.002100;s
Sweep Count;0;
Window;1;TOI
Ref Position;100.000000;%
Level Range;100.000000;dB
x-Axis;LIN;
y-Axis;LOG;
x-Unit;Hz;
y-Unit;dBm;
Trace;1;
Trace Mode;CLR/WRITE;
Detector;AUTOPEAK;
Values;1001;
1419905499.5004994869;-86.76007080078125;-89.4045562744140625
1419906498.5014984608;-88.11260986328125;-89.89997100830078125
1419907497.5024974346;-87.9303131103515625;-90.96463775634765625
1419908496.5034964085;-85.2173004150390625;-90.65533447265625
1419909495.5044953823;-83.15059661865234375;-86.41405487060546875
1419910494.5054943562;-82.97988128662109375;-84.98148345947265625
1419911493.50649333;-84.17935943603515625;-87.03003692626953125
1419912492.5074923038;-87.88896942138671875;-93.20168304443359375
1419913491.5084912777;-90.5515899658203125;-99.5776824951171875
1419914490.5094902515;-89.26039886474609375;-99.4297943115234375
1419915489.5104892254;-89.06435394287109375;-91.65677642822265625
1419916488.5114881992;-88.67868804931640625;-95.58127593994140625
1419917487.5124871731;-87.620147705078125;-104.6592559814453125
1419918486.5134861469;-87.27884674072265625;-105.1087493896484375
1419919485.5144851208;-87.59709930419921875;-100.09380340576171875
1419920484.5154840946;-89.5281982421875;-98.032135009765625
1419921483.5164830685;-89.8878326416015625;-93.90549468994140625
1419922482.5174820423;-88.80844879150390625;-91.806488037109375
1419923481.5184810162;-88.8292999267578125;-89.64397430419921875
1419924480.51947999;-87.89046478271484375;-90.12178802490234375
1419925479.5204789639;-86.38455963134765625;-89.69074249267578125
1419926478.5214779377;-85.67848968505859375;-88.5056304931640625
1419927477.5224769115;-86.0009002685546875;-88.19557952880859375
1419928476.5234758854;-87.99367523193359375;-96.83306884765625
1419929475.5244748592;-88.110504150390625;-93.4586181640625
1419930474.5254738331;-85.42377471923828125;-89.275634765625
1419931473.5264728069;-83.026153564453125;-90.86417388916015625
1419932472.5274717808;-81.42653656005859375;-91.262481689453125
1419933471.5284707546;-81.268035888671875;-89.9632110595703125
1419934470.5294697285;-82.296234130859375;-88.7623443603515625
1419935469.5304687023;-85.36139678955078125;-90.09334564208984375
1419936468.5314676762;-88.388458251953125;-91.97174835205078125
1419937467.53246665;-92.4174652099609375;-101.93512725830078125
1419938466.5334656239;-90.89199066162109375;-96.2510528564453125
1419939465.5344645977;-89.8713226318359375;-92.321929931640625
1419940464.5354635715;-87.71169281005859375;-95.353973388671875
1419941463.5364625454;-83.242889404296875;-97.6583404541015625
1419942462.5374615192;-82.1549224853515625;-94.17972564697265625
1419943461.5384604931;-82.17224884033203125;-94.4211273193359375
1419944460.5394594669;-82.81587982177734375;-88.610382080078125
1419945459.5404584408;-84.683563232421875;-87.7546234130859375
1419946458.5414574146;-88.04949951171875;-98.2272491455078125
1419947457.5424563885;-87.5321502685546875;-89.57353973388671875
1419948456.5434553623;-85.777130126953125;-87.2382659912109375
1419949455.5444543362;-85.23712158203125;-87.738861083984375
1419950454.54545331;-85.4409027099609375;-87.988922119140625
1419951453.5464522839;-86.15349578857421875;-87.752532958984375
1419952452.5474512577;-83.15225982666015625;-87.45032501220703125
1419953451.5484502316;-81.83792877197265625;-86.96703338623046875
1419954450.5494492054;-81.854522705078125;-87.37860107421875
1419955449.5504481792;-83.42530059814453125;-88.3406219482421875
1419956448.5514471531;-88.19460296630859375;-96.3664398193359375
1419957447.5524461269;-89.3985443115234375;-94.676849365234375
1419958446.5534451008;-88.7773590087890625;-94.5970458984375
1419959445.5544440746;-89.586944580078125;-98.78058624267578125
1419960444.5554430485;-95.10991668701171875;-99.38596343994140625
1419961443.5564420223;-94.01093292236328125;-97.10950469970703125
1419962442.5574409962;-93.78739166259765625;-99.48635101318359375
1419963441.55843997;-90.15650177001953125;-102.7587890625
1419964440.5594389439;-87.70371246337890625;-93.7031707763671875
1419965439.5604379177;-87.69545745849609375;-89.19538116455078125
1419966438.5614368916;-88.1975250244140625;-93.47553253173828125
1419967437.5624358654;-88.95227813720703125;-94.26806640625
1419968436.5634348392;-88.41825103759765625;-92.35375213623046875
1419969435.5644338131;-86.74053955078125;-89.1937713623046875
1419970434.5654327869;-84.58748626708984375;-87.33444976806640625
1419971433.5664317608;-83.53673553466796875;-87.6632843017578125
1419972432.5674307346;-83.506805419921875;-90.69842529296875
1419973431.5684297085;-84.3495330810546875;-95.6451263427734375
1419974430.5694286823;-86.52114105224609375;-96.5907745361328125
1419975429.5704276562;-89.8281402587890625;-94.70589447021484375
1419976428.57142663;-86.13957977294921875;-94.72320556640625
1419977427.5724256039;-84.9151611328125;-94.80423736572265625
1419978426.5734245777;-84.95058441162109375;-96.66252899169921875
1419979425.5744235516;-86.54400634765625;-94.993896484375
1419980424.5754225254;-91.73453521728515625;-95.66866302490234375
1419981423.5764214993;-89.47367095947265625;-95.9364013671875
1419982422.5774204731;-87.76219940185546875;-91.2226715087890625
1419983421.5784194469;-85.26551055908203125;-88.5322723388671875
1419984420.5794184208;-84.9108428955078125;-90.524749755859375
1419985419.5804173946;-85.737701416015625;-91.04250335693359375
1419986418.5814163685;-90.90012359619140625;-93.49637603759765625
1419987417.5824153423;-88.77552032470703125;-90.88230133056640625
1419988416.5834143162;-88.90515899658203125;-89.36797332763671875
1419989415.58441329;-88.5589447021484375;-92.33914947509765625
1419990414.5854122639;-88.41547393798828125;-96.57160186767578125
1419991413.5864112377;-90.00617218017578125;-92.82219696044921875
1419992412.5874102116;-91.95813751220703125;-95.55477142333984375
1419993411.5884091854;-87.7897186279296875;-91.067138671875
1419994410.5894081593;-86.93572998046875;-88.53929901123046875
1419995409.5904071331;-87.45732879638671875;-89.1377410888671875
1419996408.5914061069;-88.40301513671875;-89.42559814453125
1419997407.5924050808;-84.66654205322265625;-88.5030364990234375
1419998406.5934040546;-82.78271484375;-88.1831512451171875
1419999405.5944030285;-82.38269805908203125;-90.7801666259765625
1420000404.5954020023;-82.4251251220703125;-94.18126678466796875
1420001403.5964009762;-82.71681976318359375;-94.73006439208984375
1420002402.59739995;-83.8185882568359375;-88.76666259765625
1420003401.5983989239;-86.17995452880859375;-90.43282318115234375
1420004400.5993978977;-86.66033172607421875;-93.14754486083984375
1420005399.6003968716;-88.5595245361328125;-91.1814727783203125
1420006398.6013958454;-86.90496063232421875;-89.34049224853515625
1420007397.6023948193;-86.990386962890625;-90.8861846923828125
1420008396.6033937931;-89.55877685546875;-94.74017333984375
1420009395.604392767;-87.38483428955078125;-91.44085693359375
1420010394.6053917408;-85.57506561279296875;-88.4667510986328125
1420011393.6063907146;-84.64566802978515625;-86.42498779296875
1420012392.6073896885;-83.38982391357421875;-84.488006591796875
1420013391.6083886623;-83.4069671630859375;-84.884765625
1420014390.6093876362;-84.58573150634765625;-86.17903900146484375
1420015389.61038661;-85.49832916259765625;-87.9692230224609375
1420016388.6113855839;-84.72772216796875;-89.09085845947265625
1420017387.6123845577;-84.6690673828125;-88.9959564208984375
1420018386.6133835316;-85.46994781494140625;-88.74903106689453125
1420019385.6143825054;-87.7227630615234375;-94.8296966552734375
1420020384.6153814793;-87.306182861328125;-91.363006591796875
1420021383.6163804531;-86.1447601318359375;-92.882354736328125
1420022382.617379427;-86.50116729736328125;-95.56195068359375
1420023381.6183784008;-90.24274444580078125;-103.25830078125
1420024380.6193773746;-91.58008575439453125;-96.685394287109375
1420025379.6203763485;-90.460784912109375;-95.5651702880859375
1420026378.6213753223;-90.43445587158203125;-93.04373931884765625
1420027377.6223742962;-88.03203582763671875;-92.06780242919921875
1420028376.62337327;-87.4129486083984375;-92.5749359130859375
1420029375.6243722439;-87.82379913330078125;-91.58441162109375
1420030374.6253712177;-88.26055145263671875;-89.77184295654296875
1420031373.6263701916;-88.2613677978515625;-91.42535400390625
1420032372.6273691654;-88.3248443603515625;-90.2814178466796875
1420033371.6283681393;-87.21738433837890625;-88.31107330322265625
1420034370.6293671131;-86.50122833251953125;-89.19115447998046875
1420035369.630366087;-86.58171844482421875;-94.285552978515625
1420036368.6313650608;-87.94423675537109375;-92.39349365234375
1420037367.6323640347;-89.2228851318359375;-92.9378509521484375
1420038366.6333630085;-90.6611785888671875;-99.24404144287109375
1420039365.6343619823;-88.9380645751953125;-93.01924896240234375
1420040364.6353609562;-88.42412567138671875;-91.22103118896484375
1420041363.63635993;-90.23288726806640625;-101.5271148681640625
1420042362.6373589039;-87.130096435546875;-95.38213348388671875
1420043361.6383578777;-85.35631561279296875;-93.67681121826171875
1420044360.6393568516;-85.4859161376953125;-92.0813751220703125
1420045359.6403558254;-87.0964813232421875;-90.10355377197265625
1420046358.6413547993;-89.11279296875;-93.71353912353515625
1420047357.6423537731;-89.37895965576171875;-96.0477294921875
1420048356.643352747;-90.850494384765625;-92.63938140869140625
1420049355.6443517208;-91.4359588623046875;-93.19065093994140625
1420050354.6453506947;-89.68752288818359375;-93.2145538330078125
1420051353.6463496685;-84.6566162109375;-89.400238037109375
1420052352.6473486423;-82.1847076416015625;-89.659942626953125
1420053351.6483476162;-81.65848541259765625;-90.2374267578125
1420054350.64934659;-81.85770416259765625;-91.29959869384765625
1420055349.6503455639;-83.45751953125;-94.6662139892578125
1420056348.6513445377;-87.01430511474609375;-93.8975372314453125
1420057347.6523435116;-88.53450775146484375;-91.73366546630859375
1420058346.6533424854;-85.05698394775390625;-90.6825714111328125
1420059345.6543414593;-82.85222625732421875;-87.8324432373046875
1420060344.6553404331;-82.1951751708984375;-85.03693389892578125
1420061343.656339407;-82.2595977783203125;-84.0008392333984375
1420062342.6573383808;-83.021392822265625;-85.6662750244140625
1420063341.6583373547;-84.44173431396484375;-88.249053955078125
1420064340.6593363285;-86.95241546630859375;-91.16951751708984375
1420065339.6603353024;-91.95995330810546875;-100.31966400146484375
1420066338.6613342762;-92.9150390625;-96.67407989501953125
1420067337.66233325;-90.41382598876953125;-95.99228668212890625
1420068336.6633322239;-87.9626312255859375;-93.68613433837890625
1420069335.6643311977;-85.60907745361328125;-88.2861175537109375
1420070334.6653301716;-84.93872833251953125;-85.41070556640625
1420071333.6663291454;-84.9569549560546875;-85.72229766845703125
1420072332.6673281193;-83.00493621826171875;-88.041412353515625
1420073331.6683270931;-82.527099609375;-94.1830291748046875
1420074330.669326067;-82.860809326171875;-92.8100738525390625
1420075329.6703250408;-85.04102325439453125;-88.48722076416015625
1420076328.6713240147;-87.129180908203125;-92.96382904052734375
1420077327.6723229885;-86.88127899169921875;-92.63353729248046875
1420078326.6733219624;-86.9445037841796875;-89.26212310791015625
1420079325.6743209362;-87.00481414794921875;-89.8868560791015625
1420080324.67531991;-85.195098876953125;-90.716796875
1420081323.6763188839;-83.9127197265625;-91.68316650390625
1420082322.6773178577;-83.78647613525390625;-93.4054718017578125
1420083321.6783168316;-84.39471435546875;-91.2046966552734375
1420084320.6793158054;-86.5211334228515625;-88.472412109375
1420085319.6803147793;-86.9245147705078125;-90.26955413818359375
1420086318.6813137531;-86.94268035888671875;-92.822265625
1420087317.682312727;-86.88190460205078125;-97.08017730712890625
1420088316.6833117008;-84.827911376953125;-97.61133575439453125
1420089315.6843106747;-83.298431396484375;-93.8058624267578125
1420090314.6853096485;-83.149810791015625;-92.88278961181640625
1420091313.6863086224;-84.08831024169921875;-89.98455047607421875
1420092312.6873075962;-87.7214202880859375;-92.43972015380859375
1420093311.6883065701;-86.93082427978515625;-93.42079925537109375
1420094310.6893055439;-86.41693115234375;-89.8730316162109375
1420095309.6903045177;-86.7788543701171875;-91.720672607421875
1420096308.6913034916;-88.95380401611328125;-93.8286285400390625
1420097307.6923024654;-84.94747161865234375;-90.83376312255859375
1420098306.6933014393;-84.61264801025390625;-86.4108428955078125
1420099305.6943004131;-84.77227783203125;-86.1318511962890625
1420100304.695299387;-82.043426513671875;-89.86041259765625
1420101303.6962983608;-80.84261322021484375;-95.29400634765625
1420102302.6972973347;-80.95601654052734375;-92.70944976806640625
1420103301.6982963085;-83.08588409423828125;-90.09584808349609375
1420104300.6992952824;-85.77219390869140625;-94.344207763671875
1420105299.7002942562;-85.713897705078125;-91.710052490234375
1420106298.7012932301;-87.09487152099609375;-88.663299560546875
1420107297.7022922039;-85.34824371337890625;-89.3139190673828125
1420108296.7032911777;-83.18149566650390625;-89.46697998046875
1420109295.7042901516;-82.62191009521484375;-89.14510345458984375
1420110294.7052891254;-82.96277618408203125;-89.187347412109375
1420111293.7062880993;-85.20616912841796875;-88.09326171875
1420112292.7072870731;-84.28194427490234375;-87.03395843505859375
1420113291.708286047;-83.89084625244140625;-88.779266357421875
1420114290.7092850208;-84.3120269775390625;-94.28214263916015625
1420115289.7102839947;-85.0041961669921875;-102.70865631103515625
1420116288.7112829685;-85.1264495849609375;-97.94229888916015625
1420117287.7122819424;-85.9952239990234375;-94.8134002685546875
1420118286.7132809162;-83.36161041259765625;-95.26816558837890625
1420119285.7142798901;-83.15781402587890625;-89.62757110595703125
1420120284.7152788639;-84.14684295654296875;-89.99216461181640625
1420121283.7162778378;-87.1214752197265625;-94.83029937744140625
1420122282.7172768116;-86.82073211669921875;-91.98409271240234375
1420123281.7182757854;-85.39369964599609375;-90.06268310546875
1420124280.7192747593;-84.727691650390625;-96.55165863037109375
1420125279.7202737331;-84.7676544189453125;-103.99945068359375
1420126278.721272707;-85.4990081787109375;-94.12862396240234375
1420127277.7222716808;-86.87511444091796875;-88.70726776123046875
1420128276.7232706547;-85.2642059326171875;-91.2216949462890625
1420129275.7242696285;-84.95654296875;-95.503692626953125
1420130274.7252686024;-85.35211181640625;-92.25989532470703125
1420131273.7262675762;-86.9401702880859375;-89.47846221923828125
1420132272.7272665501;-86.4339447021484375;-88.86632537841796875
1420133271.7282655239;-84.267913818359375;-88.6719818115234375
1420134270.7292644978;-82.1748504638671875;-88.04278564453125
1420135269.7302634716;-81.34873199462890625;-87.53134918212890625
1420136268.7312624454;-81.38329315185546875;-87.86871337890625
1420137267.7322614193;-82.1689300537109375;-89.0843353271484375
1420138266.7332603931;-83.84275054931640625;-89.22801971435546875
1420139265.734259367;-84.19939422607421875;-86.09763336181640625
1420140264.7352583408;-83.15464019775390625;-85.268585205078125
1420141263.7362573147;-83.03774261474609375;-84.592498779296875
1420142262.7372562885;-82.8584442138671875;-92.0109100341796875
1420143261.7382552624;-83.54034423828125;-96.779296875
1420144260.7392542362;-87.07518768310546875;-90.4001312255859375
1420145259.7402532101;-88.961151123046875;-91.22101593017578125
1420146258.7412521839;-89.169677734375;-96.036712646484375
1420147257.7422511578;-90.175323486328125;-98.29961395263671875
1420148256.7432501316;-88.281280517578125;-96.1690521240234375
1420149255.7442491055;-85.94615936279296875;-95.31981658935546875
1420150254.7452480793;-84.78322601318359375;-92.20638275146484375
1420151253.7462470531;-84.209381103515625;-93.33435821533203125
1420152252.747246027;-83.53404998779296875;-89.28186798095703125
1420153251.7482450008;-79.69689178466796875;-83.1428985595703125
1420154250.7492439747;-77.764739990234375;-81.72089385986328125
1420155249.7502429485;-77.64703369140625;-81.9581146240234375
1420156248.7512419224;-78.763153076171875;-84.578125
1420157247.7522408962;-81.5626983642578125;-86.02545166015625
1420158246.7532398701;-85.524444580078125;-90.995330810546875
1420159245.7542388439;-85.68038177490234375;-91.42494964599609375
1420160244.7552378178;-82.553375244140625;-89.59810638427734375
1420161243.7562367916;-81.9068450927734375;-87.0520782470703125
1420162242.7572357655;-82.3318023681640625;-84.46530914306640625
1420163241.7582347393;-83.52227020263671875;-91.5165252685546875
1420164240.7592337132;-83.92986297607421875;-87.09220123291015625
1420165239.760232687;-85.238067626953125;-87.72849273681640625
1420166238.7612316608;-83.079498291015625;-88.08928680419921875
1420167237.7622306347;-82.47197723388671875;-88.66657257080078125
1420168236.7632296085;-83.10623931884765625;-88.61098480224609375
1420169235.7642285824;-86.3293609619140625;-89.82202911376953125
1420170234.7652275562;-89.11083984375;-92.28745269775390625
1420171233.7662265301;-89.3704986572265625;-91.3072357177734375
1420172232.7672255039;-87.70157623291015625;-88.86202239990234375
1420173231.7682244778;-86.6560516357421875;-89.74239349365234375
1420174230.7692234516;-86.50168609619140625;-92.8819122314453125
1420175229.7702224255;-86.80333709716796875;-97.7086029052734375
1420176228.7712213993;-88.09859466552734375;-93.551727294921875
1420177227.7722203732;-89.63387298583984375;-91.7248382568359375
1420178226.773219347;-90.12772369384765625;-95.86673736572265625
1420179225.7742183208;-94.36669921875;-97.7004852294921875
1420180224.7752172947;-87.86359405517578125;-93.20815277099609375
1420181223.7762162685;-85.1753997802734375;-93.91898345947265625
1420182222.7772152424;-84.9619140625;-96.09070587158203125
1420183221.7782142162;-86.378631591796875;-96.2877960205078125
1420184220.7792131901;-90.74277496337890625;-100.3089752197265625
1420185219.7802121639;-89.425262451171875;-94.94077301025390625
1420186218.7812111378;-89.5187835693359375;-93.466064453125
1420187217.7822101116;-91.3716888427734375;-105.03948211669921875
1420188216.7832090855;-87.42645263671875;-94.8362579345703125
1420189215.7842080593;-87.33251190185546875;-90.0612030029296875
1420190214.7852070332;-90.23293304443359375;-98.54604339599609375
1420191213.786206007;-88.72429656982421875;-95.912994384765625
1420192212.7872049809;-86.29673004150390625;-90.57390594482421875
1420193211.7882039547;-86.26166534423828125;-87.582122802734375
1420194210.7892029285;-85.19205474853515625;-89.78397369384765625
1420195209.7902019024;-84.12911224365234375;-93.51142120361328125
1420196208.7912008762;-84.06264495849609375;-94.5794830322265625
1420197207.7921998501;-85.04251861572265625;-91.00260162353515625
1420198206.7931988239;-86.20786285400390625;-88.22379302978515625
1420199205.7941977978;-86.59310150146484375;-89.959503173828125
1420200204.7951967716;-89.32817840576171875;-95.86681365966796875
1420201203.7961957455;-84.00414276123046875;-96.90377044677734375
1420202202.7971947193;-82.74205780029296875;-99.726165771484375
1420203201.7981936932;-82.84649658203125;-91.56212615966796875
1420204200.799192667;-84.9461822509765625;-88.46805572509765625
1420205199.8001916409;-86.2740325927734375;-89.73345947265625
1420206198.8011906147;-86.7265625;-88.162078857421875
1420207197.8021895885;-86.45932769775390625;-94.78328704833984375
1420208196.8031885624;-83.1717376708984375;-95.12442779541015625
1420209195.8041875362;-81.299346923828125;-89.760986328125
1420210194.8051865101;-80.690277099609375;-93.750640869140625
1420211193.8061854839;-80.685394287109375;-95.45220184326171875
1420212192.8071844578;-80.892181396484375;-103.2013092041015625
1420213191.8081834316;-80.9839324951171875;-94.80147552490234375
1420214190.8091824055;-81.787078857421875;-93.11783599853515625
1420215189.8101813793;-84.7374725341796875;-93.3316497802734375
1420216188.8111803532;-91.2047576904296875;-94.45626068115234375
1420217187.812179327;-88.64411163330078125;-94.2193145751953125
1420218186.8131783009;-86.14934539794921875;-88.8968963623046875
1420219185.8141772747;-84.94671630859375;-86.560333251953125
1420220184.8151762486;-85.26678466796875;-86.997039794921875
1420221183.8161752224;-86.41973114013671875;-93.85718536376953125
1420222182.8171741962;-88.17926788330078125;-98.73915863037109375
1420223181.8181731701;-91.16742706298828125;-92.6497039794921875
1420224180.8191721439;-90.013092041015625;-91.25428009033203125
1420225179.8201711178;-89.915771484375;-94.12638092041015625
1420226178.8211700916;-91.31585693359375;-103.59124755859375
1420227177.8221690655;-90.09996795654296875;-97.87888336181640625
1420228176.8231680393;-85.30666351318359375;-92.10105133056640625
1420229175.8241670132;-84.2064056396484375;-92.05538177490234375
1420230174.825165987;-84.3327178955078125;-90.39127349853515625
1420231173.8261649609;-85.49256134033203125;-88.5719451904296875
1420232172.8271639347;-86.60291290283203125;-88.55895233154296875
1420233171.8281629086;-86.59348297119140625;-91.06665802001953125
1420234170.8291618824;-86.7925262451171875;-92.52667999267578125
1420235169.8301608562;-88.9925079345703125;-92.5005645751953125
1420236168.8311598301;-88.053497314453125;-91.3822784423828125
1420237167.8321588039;-86.41436004638671875;-89.67929840087890625
1420238166.8331577778;-86.38156890869140625;-90.00482177734375
1420239165.8341567516;-87.073150634765625;-93.5087890625
1420240164.8351557255;-88.06243133544921875;-97.01602935791015625
1420241163.8361546993;-90.87171173095703125;-96.90137481689453125
1420242162.8371536732;-90.5947113037109375;-95.56691741943359375
1420243161.838152647;-89.25467681884765625;-94.254974365234375
1420244160.8391516209;-89.525482177734375;-98.97796630859375
1420245159.8401505947;-92.691986083984375;-95.00384521484375
1420246158.8411495686;-90.97716522216796875;-93.03739166259765625
1420247157.8421485424;-90.275634765625;-93.13803863525390625
1420248156.8431475163;-90.47649383544921875;-92.5018768310546875
1420249155.8441464901;-92.1730499267578125;-92.1730499267578125
1420250154.8451454639;-89.38318634033203125;-89.38318634033203125
1420251153.8461444378;-78.44652557373046875;-86.30608367919921875
1420252152.8471434116;-69.31980133056640625;-74.9414520263671875
1420253151.8481423855;-63.811595916748046875;-63.811595916748046875
1420254150.8491413593;-61.333286285400390625;-61.333286285400390625
1420255149.8501403332;-61.123050689697265625;-61.123050689697265625
1420256148.851139307;-62.315395355224609375;-62.315395355224609375
1420257147.8521382809;-66.36019134521484375;-66.36019134521484375
1420258146.8531372547;-73.60317230224609375;-80.42253875732421875
1420259145.8541362286;-84.35340118408203125;-92.1902923583984375
1420260144.8551352024;-91.65509033203125;-105.32418060302734375
1420261143.8561341763;-91.97075653076171875;-100.284912109375
1420262142.8571331501;-89.613128662109375;-93.19960784912109375
1420263141.8581321239;-86.0830230712890625;-90.75823211669921875
1420264140.8591310978;-84.47795867919921875;-89.547454833984375
1420265139.8601300716;-84.324615478515625;-88.72214508056640625
1420266138.8611290455;-85.0468597412109375;-88.99703216552734375
1420267137.8621280193;-86.857208251953125;-88.85955047607421875
1420268136.8631269932;-86.1226043701171875;-87.289337158203125
1420269135.864125967;-86.23165130615234375;-88.04638671875
1420270134.8651249409;-87.13773345947265625;-93.86400604248046875
1420271133.8661239147;-87.93731689453125;-97.8626556396484375
1420272132.8671228886;-88.63980865478515625;-93.04074859619140625
1420273131.8681218624;-85.9591064453125;-96.27756500244140625
1420274130.8691208363;-82.79969024658203125;-92.21155548095703125
1420275129.8701198101;-80.89276123046875;-86.81922149658203125
1420276128.871118784;-80.48529815673828125;-85.63626861572265625
1420277127.8721177578;-80.806854248046875;-89.02056884765625
1420278126.8731167316;-82.65364837646484375;-96.96953582763671875
1420279125.8741157055;-85.77538299560546875;-97.17989349365234375
1420280124.8751146793;-86.13526153564453125;-88.489990234375
1420281123.8761136532;-84.8489532470703125;-87.8618011474609375
1420282122.877112627;-84.726165771484375;-88.75604248046875
1420283121.8781116009;-84.96347808837890625;-90.92840576171875
1420284120.8791105747;-85.4168548583984375;-90.18567657470703125
1420285119.8801095486;-83.69762420654296875;-88.78049468994140625
1420286118.8811085224;-83.51541900634765625;-88.33354949951171875
1420287117.8821074963;-85.50104522705078125;-91.60073089599609375
1420288116.8831064701;-85.185943603515625;-93.4079742431640625
1420289115.884105444;-85.12821197509765625;-89.76369476318359375
1420290114.8851044178;-85.66094207763671875;-87.73612213134765625
1420291113.8861033916;-85.4973602294921875;-87.40557098388671875
1420292112.8871023655;-84.70035552978515625;-87.82265472412109375
1420293111.8881013393;-84.53774261474609375;-88.05783843994140625
1420294110.8891003132;-85.37232208251953125;-88.02634429931640625
1420295109.890099287;-87.14654541015625;-90.3906402587890625
1420296108.8910982609;-85.7999725341796875;-90.0648345947265625
1420297107.8920972347;-84.78546142578125;-93.3874969482421875
1420298106.8930962086;-84.77063751220703125;-99.64611053466796875
1420299105.8940951824;-86.26172637939453125;-96.612030029296875
1420300104.8950941563;-89.7547149658203125;-93.8163299560546875
1420301103.8960931301;-88.649810791015625;-89.87798309326171875
1420302102.897092104;-89.98654937744140625;-92.092193603515625
1420303101.8980910778;-86.68381500244140625;-93.04129791259765625
1420304100.8990900517;-81.77710723876953125;-92.7215118408203125
1420305099.9000890255;-79.57173919677734375;-90.96652984619140625
1420306098.9010879993;-79.374542236328125;-88.6142425537109375
1420307097.9020869732;-80.35736083984375;-86.99350738525390625
1420308096.903085947;-83.92815399169921875;-87.9239959716796875
1420309095.9040849209;-88.33725738525390625;-89.97626495361328125
1420310094.9050838947;-88.43724822998046875;-92.54351806640625
1420311093.9060828686;-87.705291748046875;-95.07360076904296875
1420312092.9070818424;-87.39422607421875;-95.12888336181640625
1420313091.9080808163;-87.4508514404296875;-90.86388397216796875
1420314090.9090797901;-85.30362701416015625;-87.56268310546875
1420315089.910078764;-84.06049346923828125;-87.19669342041015625
1420316088.9110777378;-84.020782470703125;-86.743194580078125
1420317087.9120767117;-84.9881134033203125;-87.33506011962890625
1420318086.9130756855;-86.081512451171875;-88.37374114990234375
1420319085.9140746593;-86.217132568359375;-89.47060394287109375
1420320084.9150736332;-85.43247222900390625;-90.41368865966796875
1420321083.916072607;-83.56008148193359375;-90.56867218017578125
1420322082.9170715809;-83.4470977783203125;-87.6029510498046875
1420323081.9180705547;-84.149932861328125;-84.94085693359375
1420324080.9190695286;-84.5605316162109375;-85.96344757080078125
1420325079.9200685024;-84.801727294921875;-86.364471435546875
1420326078.9210674763;-86.33238983154296875;-88.277008056640625
1420327077.9220664501;-89.3144989013671875;-91.84326934814453125
1420328076.923065424;-91.833099365234375;-94.606536865234375
1420329075.9240643978;-88.00457000732421875;-97.292022705078125
1420330074.9250633717;-86.52020263671875;-95.9249267578125
1420331073.9260623455;-85.99150848388671875;-96.9610137939453125
1420332072.9270613194;-85.76788330078125;-93.91751861572265625
1420333071.9280602932;-85.46495819091796875;-88.0421905517578125
1420334070.929059267;-83.3912200927734375;-86.4112548828125
1420335069.9300582409;-82.63912200927734375;-86.02051544189453125
1420336068.9310572147;-82.58000946044921875;-84.59980010986328125
1420337067.9320561886;-82.8973236083984375;-83.5040740966796875
1420338066.9330551624;-83.2650909423828125;-84.63251495361328125
1420339065.9340541363;-83.8895263671875;-85.3338623046875
1420340064.9350531101;-84.45317840576171875;-85.4559478759765625
1420341063.936052084;-84.46472930908203125;-86.30654144287109375
1420342062.9370510578;-85.12680816650390625;-93.6768951416015625
1420343061.9380500317;-85.8428192138671875;-91.690338134765625
1420344060.9390490055;-83.33637237548828125;-89.38397979736328125
1420345059.9400479794;-83.222991943359375;-90.1129608154296875
1420346058.9410469532;-84.7630615234375;-91.27567291259765625
1420347057.942045927;-86.83690643310546875;-105.5112152099609375
1420348056.9430449009;-81.185516357421875;-94.3717193603515625
1420349055.9440438747;-49.459011077880859375;-67.62075042724609375
1420350054.9450428486;-30.773088455200195313;-42.385257720947265625
1420351053.9460418224;-17.917530059814453125;-25.962213516235351563
1420352052.9470407963;-9.0999536514282226563;-14.580770492553710938
1420353051.9480397701;-3.5196895599365234375;-3.5196895599365234375
1420354050.949038744;-0.77854371070861816406;-0.77854371070861816406
1420355049.9500377178;-0.43673613667488098145;-0.43673613667488098145
1420356048.9510366917;-1.2684512138366699219;-1.2684512138366699219
1420357047.9520356655;-4.7735004425048828125;-4.7735004425048828125
1420358046.9530346394;-11.201985359191894531;-17.335964202880859375
1420359045.9540336132;-21.040346145629882813;-29.944576263427734375
1420360044.9550325871;-35.274806976318359375;-48.2041168212890625
1420361043.9560315609;-56.13385772705078125;-76.07170867919921875
1420362042.9570305347;-83.54354095458984375;-96.37931060791015625
1420363041.9580295086;-83.2495574951171875;-93.1542510986328125
1420364040.9590284824;-81.86463165283203125;-92.729278564453125
1420365039.9600274563;-81.40113067626953125;-92.798309326171875
1420366038.9610264301;-81.43335723876953125;-91.13095855712890625
1420367037.962025404;-82.04547119140625;-89.389312744140625
1420368036.9630243778;-82.9163360595703125;-90.35094451904296875
1420369035.9640233517;-83.3146209716796875;-93.39160919189453125
1420370034.9650223255;-83.8470001220703125;-97.99908447265625
1420371033.9660212994;-85.684356689453125;-95.66797637939453125
1420372032.9670202732;-90.3460235595703125;-93.6749267578125
1420373031.9680192471;-87.8307037353515625;-91.55057525634765625
1420374030.9690182209;-87.0370330810546875;-91.85851287841796875
1420375029.9700171947;-85.06890869140625;-87.8154144287109375
1420376028.9710161686;-83.7188262939453125;-88.10167694091796875
1420377027.9720151424;-83.79186248779296875;-87.84046173095703125
1420378026.9730141163;-85.5432586669921875;-88.66576385498046875
1420379025.9740130901;-89.33119964599609375;-90.7552490234375
1420380024.975012064;-85.74692535400390625;-93.84954833984375
1420381023.9760110378;-83.13864898681640625;-96.09328460693359375
1420382022.9770100117;-82.68331146240234375;-91.22509002685546875
1420383021.9780089855;-83.078765869140625;-88.728302001953125
1420384020.9790079594;-84.806732177734375;-87.40747833251953125
1420385019.9800069332;-83.0507659912109375;-87.76360321044921875
1420386018.9810059071;-81.3236846923828125;-87.50090789794921875
1420387017.9820048809;-80.952789306640625;-85.3664093017578125
1420388016.9830038548;-81.58231353759765625;-84.382232666015625
1420389015.9840028286;-84.860626220703125;-88.83271026611328125
1420390014.9850018024;-84.487884521484375;-90.59369659423828125
1420391013.9860007763;-84.359771728515625;-93.29093170166015625
1420392012.9869997501;-86.64383697509765625;-92.5844268798828125
1420393011.987998724;-88.569000244140625;-95.24066925048828125
1420394010.9889976978;-88.377044677734375;-91.65410614013671875
1420395009.9899966717;-88.58228302001953125;-92.3147430419921875
1420396008.9909956455;-88.97628021240234375;-91.71795654296875
1420397007.9919946194;-87.09130096435546875;-89.84818267822265625
1420398006.9929935932;-84.92292022705078125;-90.0316314697265625
1420399005.9939925671;-84.5175018310546875;-88.93108367919921875
1420400004.9949915409;-85.29106903076171875;-85.29106903076171875
1420401003.9959905148;-86.32782745361328125;-86.32782745361328125
1420402002.9969894886;-83.65586090087890625;-83.65586090087890625
1420403001.9979884624;-83.56919097900390625;-83.56919097900390625
1420404000.9989874363;-76.1546630859375;-76.1546630859375
1420404999.9999864101;-73.9329376220703125;-73.9329376220703125
1420405999.000985384;-73.8624725341796875;-73.8624725341796875
1420406998.0019843578;-75.5279083251953125;-75.5279083251953125
1420407997.0029833317;-80.002197265625;-80.002197265625
1420408996.0039823055;-85.22138214111328125;-85.22138214111328125
1420409995.0049812794;-88.20812225341796875;-88.20812225341796875
1420410994.0059802532;-91.05084991455078125;-96.59250640869140625
1420411993.0069792271;-91.9096221923828125;-96.38965606689453125
1420412992.0079782009;-92.6604766845703125;-95.16457366943359375
1420413991.0089771748;-94.0211181640625;-106.91790771484375
1420414990.0099761486;-92.228790283203125;-101.6026763916015625
1420415989.0109751225;-91.93581390380859375;-94.7050018310546875
1420416988.0119740963;-90.383636474609375;-98.41230010986328125
1420417987.0129730701;-86.54803466796875;-93.807342529296875
1420418986.013972044;-86.16422271728515625;-95.6903228759765625
1420419985.0149710178;-87.98011016845703125;-92.50772857666015625
1420420984.0159699917;-88.48618316650390625;-92.48850250244140625
1420421983.0169689655;-87.15570831298828125;-97.38007354736328125
1420422982.0179679394;-85.62282562255859375;-87.864471435546875
1420423981.0189669132;-85.2176971435546875;-88.1486663818359375
1420424980.0199658871;-86.810302734375;-91.73663330078125
1420425979.0209648609;-89.47220611572265625;-108.48650360107421875
1420426978.0219638348;-85.1179962158203125;-90.84743499755859375
1420427977.0229628086;-82.468841552734375;-86.56024932861328125
1420428976.0239617825;-81.471527099609375;-86.090118408203125
1420429975.0249607563;-81.6272125244140625;-87.98494720458984375
1420430974.0259597301;-84.0006256103515625;-88.60022735595703125
1420431973.026958704;-87.44789886474609375;-90.97576904296875
1420432972.0279576778;-86.95440673828125;-89.5093994140625
1420433971.0289566517;-88.74269866943359375;-92.64785003662109375
1420434970.0299556255;-91.35588836669921875;-96.08411407470703125
1420435969.0309545994;-86.6889495849609375;-99.18686676025390625
1420436968.0319535732;-85.59714508056640625;-94.107666015625
1420437967.0329525471;-84.99939727783203125;-93.6980133056640625
1420438966.0339515209;-84.84833526611328125;-93.31374359130859375
1420439965.0349504948;-84.3942718505859375;-93.36181640625
1420440964.0359494686;-84.0686798095703125;-92.32195281982421875
1420441963.0369484425;-84.068572998046875;-89.09316253662109375
1420442962.0379474163;-84.14089202880859375;-86.33470916748046875
1420443961.0389463902;-84.51885986328125;-85.15899658203125
1420444960.039945364;-84.42852783203125;-85.6656341552734375
1420445959.0409443378;-84.98748779296875;-86.00005340576171875
1420446958.0419433117;-86.19901275634765625;-87.846038818359375
1420447957.0429422855;-83.28009796142578125;-92.59371185302734375
1420448956.0439412594;-51.75537109375;-70.586212158203125
1420449955.0449402332;-32.339626312255859375;-44.397861480712890625
1420450954.0459392071;-19.003492355346679688;-27.348325729370117188
1420451953.0469381809;-9.8260297775268554688;-15.537565231323242188
1420452952.0479371548;-3.9440102577209472656;-3.9440102577209472656
1420453951.0489361286;-0.9292971491813659668;-0.9292971491813659668
1420454950.0499351025;-0.41123718023300170898;-0.41123718023300170898
1420455949.0509340763;-1.0661022663116455078;-1.0661022663116455078
1420456948.0519330502;-4.2942147254943847656;-4.2942147254943847656
1420457947.052932024;-10.413483619689941406;-16.308088302612304688
1420458946.0539309978;-19.87726593017578125;-28.465358734130859375
1420459945.0549299717;-33.6116180419921875;-46.1123199462890625
1420460944.0559289455;-53.840267181396484375;-74.94594573974609375
1420461943.0569279194;-90.22674560546875;-90.22674560546875
1420462942.0579268932;-89.98146820068359375;-98.57425689697265625
1420463941.0589258671;-90.02260589599609375;-93.6643829345703125
1420464940.0599248409;-86.6318359375;-91.35898590087890625
1420465939.0609238148;-84.528961181640625;-96.1769256591796875
1420466938.0619227886;-83.69239044189453125;-96.5977020263671875
1420467937.0629217625;-83.72122955322265625;-86.89871978759765625
1420468936.0639207363;-84.49903106689453125;-85.53589630126953125
1420469935.0649197102;-84.99555206298828125;-89.0643157958984375
1420470934.065918684;-86.528350830078125;-95.53399658203125
1420471933.0669176579;-88.16716766357421875;-90.48529052734375
1420472932.0679166317;-87.747039794921875;-93.20749664306640625
1420473931.0689156055;-87.91254425048828125;-90.82772064208984375
1420474930.0699145794;-88.32483673095703125;-94.942291259765625
1420475929.0709135532;-89.25641632080078125;-94.39499664306640625
1420476928.0719125271;-92.5911865234375;-100.0330047607421875
1420477927.0729115009;-87.2044830322265625;-97.04229736328125
1420478926.0739104748;-83.96150970458984375;-90.10343170166015625
1420479925.0749094486;-83.44086456298828125;-87.181884765625
1420480924.0759084225;-84.31876373291015625;-87.34820556640625
1420481923.0769073963;-85.81781768798828125;-91.78589630126953125
1420482922.0779063702;-85.25191497802734375;-95.23199462890625
1420483921.078905344;-84.2686309814453125;-85.94217681884765625
1420484920.0799043179;-84.35173797607421875;-87.01500701904296875
1420485919.0809032917;-85.62403106689453125;-92.19606781005859375
1420486918.0819022655;-87.62471771240234375;-89.60070037841796875
1420487917.0829012394;-89.312744140625;-93.497772216796875
1420488916.0839002132;-90.80808258056640625;-96.33977508544921875
1420489915.0848991871;-90.999237060546875;-93.36957550048828125
1420490914.0858981609;-89.24620819091796875;-91.49370574951171875
1420491913.0868971348;-87.5351715087890625;-89.45897674560546875
1420492912.0878961086;-87.22890472412109375;-89.8503265380859375
1420493911.0888950825;-87.32286834716796875;-91.9724578857421875
1420494910.0898940563;-88.160552978515625;-92.2582550048828125
1420495909.0908930302;-90.00310516357421875;-94.25251007080078125
1420496908.091892004;-89.25261688232421875;-96.82086944580078125
1420497907.0928909779;-89.37197113037109375;-94.241455078125
1420498906.0938899517;-90.671356201171875;-98.44332122802734375
1420499905.0948889256;-92.0886688232421875;-95.75171661376953125
1420500904.0958878994;-87.526641845703125;-92.22798919677734375
1420501903.0968868732;-85.78546905517578125;-90.3857574462890625
1420502902.0978858471;-85.06160736083984375;-91.1136322021484375
1420503901.0988848209;-81.74410247802734375;-88.17276763916015625
1420504900.0998837948;-79.41194915771484375;-81.0199432373046875
1420505899.1008827686;-79.0360107421875;-80.36273193359375
1420506898.1018817425;-79.72344970703125;-82.1414337158203125
1420507897.1028807163;-82.61571502685546875;-85.313751220703125
1420508896.1038796902;-86.0572357177734375;-88.59401702880859375
1420509895.104878664;-88.76073455810546875;-92.81438446044921875
1420510894.1058776379;-89.27581024169921875;-93.3857269287109375
1420511893.1068766117;-90.93427276611328125;-93.47568511962890625
1420512892.1078755856;-91.822113037109375;-94.916656494140625
1420513891.1088745594;-87.78424835205078125;-101.49234771728515625
1420514890.1098735332;-86.1616058349609375;-108.317108154296875
1420515889.1108725071;-85.995086669921875;-100.76580810546875
1420516888.1118714809;-86.78604888916015625;-92.1629180908203125
1420517887.1128704548;-85.95407867431640625;-88.0127410888671875
1420518886.1138694286;-84.020843505859375;-87.7269439697265625
1420519885.1148684025;-83.84394073486328125;-88.68776702880859375
1420520884.1158673763;-85.40447998046875;-88.9183349609375
1420521883.1168663502;-87.76403045654296875;-96.31229400634765625
1420522882.117865324;-88.79116058349609375;-94.53820037841796875
1420523881.1188642979;-88.81540679931640625;-95.193389892578125
1420524880.1198632717;-84.951690673828125;-96.59868621826171875
1420525879.1208622456;-82.503173828125;-95.1390380859375
1420526878.1218612194;-82.0926971435546875;-88.87717437744140625
1420527877.1228601933;-82.7429351806640625;-84.67870330810546875
1420528876.1238591671;-82.88530731201171875;-92.91623687744140625
1420529875.1248581409;-83.3255767822265625;-93.0088958740234375
1420530874.1258571148;-84.768585205078125;-89.2887725830078125
1420531873.1268560886;-86.48294830322265625;-88.883148193359375
1420532872.1278550625;-86.42734527587890625;-95.04807281494140625
1420533871.1288540363;-86.70590972900390625;-93.1099090576171875
1420534870.1298530102;-85.36052703857421875;-89.13455963134765625
1420535869.130851984;-85.2086029052734375;-89.9005584716796875
1420536868.1318509579;-87.3251495361328125;-90.52887725830078125
1420537867.1328499317;-89.91211700439453125;-92.67609405517578125
1420538866.1338489056;-87.693603515625;-92.83896636962890625
1420539865.1348478794;-85.2766265869140625;-87.532012939453125
1420540864.1358468533;-85.07863616943359375;-86.321624755859375
1420541863.1368458271;-85.32169342041015625;-87.9877471923828125
1420542862.1378448009;-86.329345703125;-87.994873046875
1420543861.1388437748;-88.51180267333984375;-93.13973236083984375
1420544860.1398427486;-86.60990142822265625;-88.82518768310546875
1420545859.1408417225;-84.31543731689453125;-89.70302581787109375
1420546858.1418406963;-82.44470977783203125;-97.62563323974609375
1420547857.1428396702;-82.2836456298828125;-95.02800750732421875
1420548856.143838644;-83.63408660888671875;-88.904632568359375
1420549855.1448376179;-86.98390960693359375;-88.5590972900390625
1420550854.1458365917;-85.74908447265625;-93.45086669921875
1420551853.1468355656;-78.34549713134765625;-87.1888275146484375
1420552852.1478345394;-70.8177032470703125;-70.8177032470703125
1420553851.1488335133;-67.14261627197265625;-67.14261627197265625
1420554850.1498324871;-66.299102783203125;-66.299102783203125
1420555849.150831461;-66.6231231689453125;-66.6231231689453125
1420556848.1518304348;-69.71240234375;-69.71240234375
1420557847.1528294086;-76.13277435302734375;-82.093353271484375
1420558846.1538283825;-83.326263427734375;-83.326263427734375
1420559845.1548273563;-92.300933837890625;-92.300933837890625
1420560844.1558263302;-94.27895355224609375;-94.27895355224609375
1420561843.156825304;-84.8672027587890625;-102.47464752197265625
1420562842.1578242779;-86.5255889892578125;-100.81463623046875
1420563841.1588232517;-87.3070831298828125;-92.50446319580078125
1420564840.1598222256;-86.21045684814453125;-88.95441436767578125
1420565839.1608211994;-85.55025482177734375;-89.34912872314453125
1420566838.1618201733;-85.02877044677734375;-101.363861083984375
1420567837.1628191471;-84.9026947021484375;-94.331939697265625
1420568836.163818121;-85.1252899169921875;-87.16477203369140625
1420569835.1648170948;-83.6703033447265625;-87.51857757568359375
1420570834.1658160686;-83.536865234375;-87.5735931396484375
1420571833.1668150425;-84.05229949951171875;-86.5115509033203125
1420572832.1678140163;-85.96401214599609375;-90.57225799560546875
1420573831.1688129902;-83.78238677978515625;-94.36370086669921875
1420574830.169811964;-82.45040130615234375;-90.39572906494140625
1420575829.1708109379;-82.58953857421875;-87.48114776611328125
1420576828.1718099117;-84.61035919189453125;-88.53160858154296875
1420577827.1728088856;-87.48249053955078125;-90.0106353759765625
1420578826.1738078594;-88.676483154296875;-94.5280914306640625
1420579825.1748068333;-88.3852081298828125;-97.550750732421875
1420580824.1758058071;-89.48937225341796875;-98.21636199951171875
1420581823.176804781;-86.88080596923828125;-96.20911407470703125
1420582822.1778037548;-83.71938323974609375;-93.0399627685546875
1420583821.1788027287;-83.160125732421875;-89.2783966064453125
1420584820.1798017025;-83.3740386962890625;-86.26215362548828125
1420585819.1808006763;-84.75426483154296875;-86.33309173583984375
1420586818.1817996502;-86.29689788818359375;-89.79575347900390625
1420587817.182798624;-89.6020355224609375;-93.885498046875
1420588816.1837975979;-91.42069244384765625;-96.6638031005859375
1420589815.1847965717;-89.53643035888671875;-94.48357391357421875
1420590814.1857955456;-89.49102020263671875;-98.41512298583984375
1420591813.1867945194;-90.24040985107421875;-94.010284423828125
1420592812.1877934933;-90.1168212890625;-92.79567718505859375
1420593811.1887924671;-90.57851409912109375;-97.4095001220703125
1420594810.189791441;-90.5501861572265625;-104.3797760009765625
1420595809.1907904148;-90.29930877685546875;-99.061492919921875
1420596808.1917893887;-90.57799530029296875;-93.01982879638671875
1420597807.1927883625;-88.7000274658203125;-96.75830841064453125
1420598806.1937873363;-86.86425018310546875;-98.42730712890625
1420599805.1947863102;-86.666534423828125;-90.28401947021484375
1420600804.195785284;-87.62750244140625;-90.43822479248046875
1420601803.1967842579;-89.28409576416015625;-91.94769287109375
1420602802.1977832317;-88.97876739501953125;-91.82053375244140625
1420603801.1987822056;-88.73574066162109375;-90.16086578369140625
1420604800.1997811794;-86.8749542236328125;-92.05309295654296875
1420605799.2007801533;-86.2573394775390625;-96.41449737548828125
1420606798.2017791271;-86.39694976806640625;-102.92485809326171875
1420607797.202778101;-88.13747406005859375;-98.75099945068359375
1420608796.2037770748;-91.829254150390625;-100.97496795654296875
1420609795.2047760487;-89.27239990234375;-98.00525665283203125
1420610794.2057750225;-88.80640411376953125;-91.42606353759765625
1420611793.2067739964;-87.15912628173828125;-93.3989105224609375
1420612792.2077729702;-86.15398406982421875;-87.8464202880859375
1420613791.208771944;-85.0235748291015625;-86.8677520751953125
1420614790.2097709179;-84.49343109130859375;-88.212890625
1420615789.2107698917;-84.42705535888671875;-91.62824249267578125
1420616788.2117688656;-84.75904083251953125;-94.34935760498046875
1420617787.2127678394;-86.52910614013671875;-94.2163848876953125
1420618786.2137668133;-87.2989959716796875;-93.0886993408203125
1420619785.2147657871;-87.0263519287109375;-90.9027252197265625
1420620784.215764761;-86.98757171630859375;-89.53623199462890625
1420621783.2167637348;-87.747406005859375;-95.17816925048828125
1420622782.2177627087;-87.63318634033203125;-99.433837890625
1420623781.2187616825;-88.30918121337890625;-91.6875
1420624780.2197606564;-87.0013885498046875;-89.88217926025390625
1420625779.2207596302;-83.37566375732421875;-95.13440704345703125
1420626778.221758604;-82.3742523193359375;-100.82338714599609375
1420627777.2227575779;-82.64418792724609375;-97.4873504638671875
1420628776.2237565517;-84.980987548828125;-96.02318572998046875
1420629775.2247555256;-88.70806121826171875;-94.5757598876953125
1420630774.2257544994;-88.3288421630859375;-93.6933746337890625
1420631773.2267534733;-86.2397918701171875;-94.080230712890625
1420632772.2277524471;-85.87287139892578125;-89.887054443359375
1420633771.228751421;-85.89408111572265625;-88.1129913330078125
1420634770.2297503948;-84.6423797607421875;-93.6318817138671875
1420635769.2307493687;-84.50042724609375;-101.88005828857421875
1420636768.2317483425;-84.81566619873046875;-98.60062408447265625
1420637767.2327473164;-85.38771820068359375;-91.32498931884765625
1420638766.2337462902;-85.80718994140625;-86.97040557861328125
1420639765.2347452641;-85.73639678955078125;-88.04931640625
1420640764.2357442379;-87.2097320556640625;-90.48931121826171875
1420641763.2367432117;-90.43204498291015625;-96.70746612548828125
1420642762.2377421856;-91.3409576416015625;-94.75882720947265625
1420643761.2387411594;-88.84967803955078125;-94.0148773193359375
1420644760.2397401333;-88.13451385498046875;-90.74610137939453125
1420645759.2407391071;-87.8909454345703125;-89.0579376220703125
1420646758.241738081;-88.05487060546875;-89.938262939453125
1420647757.2427370548;-88.3564453125;-90.01956939697265625
1420648756.2437360287;-87.82689666748046875;-89.03122711181640625
1420649755.2447350025;-87.84043121337890625;-89.2006988525390625
1420650754.2457339764;-90.21837615966796875;-90.21837615966796875
1420651753.2467329502;-87.40606689453125;-87.40606689453125
1420652752.2477319241;-86.5468597412109375;-86.5468597412109375
1420653751.2487308979;-82.13753509521484375;-82.13753509521484375
1420654750.2497298717;-79.76090240478515625;-79.76090240478515625
1420655749.2507288456;-79.88597869873046875;-79.88597869873046875
1420656748.2517278194;-82.58701324462890625;-82.58701324462890625
1420657747.2527267933;-87.90404510498046875;-87.90404510498046875
1420658746.2537257671;-90.59635162353515625;-95.4698638916015625
1420659745.254724741;-91.53289794921875;-94.97428131103515625
1420660744.2557237148;-90.24791717529296875;-92.67096710205078125
1420661743.2567226887;-88.79053497314453125;-92.71222686767578125
1420662742.2577216625;-88.3023681640625;-92.69838714599609375
1420663741.2587206364;-88.38745880126953125;-90.6441650390625
1420664740.2597196102;-85.959442138671875;-88.8539276123046875
1420665739.2607185841;-85.2598114013671875;-88.46891021728515625
1420666738.2617175579;-85.439666748046875;-87.99786376953125
1420667737.2627165318;-87.0218658447265625;-88.69242095947265625
1420668736.2637155056;-86.0849151611328125;-90.42823028564453125
1420669735.2647144794;-85.12197113037109375;-90.68718719482421875
1420670734.2657134533;-84.96784210205078125;-90.40909576416015625
1420671733.2667124271;-85.37012481689453125;-88.874542236328125
1420672732.267711401;-87.04541778564453125;-88.79248046875
1420673731.2687103748;-85.775665283203125;-91.8657684326171875
1420674730.2697093487;-84.87091827392578125;-97.3808746337890625
1420675729.2707083225;-85.185211181640625;-104.89315032958984375
1420676728.2717072964;-86.57936859130859375;-102.84774017333984375
1420677727.2727062702;-86.85082244873046875;-92.323944091796875
1420678726.2737052441;-87.73627471923828125;-89.02874755859375
1420679725.2747042179;-88.2565460205078125;-90.8867645263671875
1420680724.2757031918;-88.60733795166015625;-90.55677032470703125
1420681723.2767021656;-86.697265625;-88.36960601806640625
1420682722.2777011395;-84.86690521240234375;-91.57814788818359375
1420683721.2787001133;-84.7268218994140625;-93.28473663330078125
1420684720.2796990871;-85.88433074951171875;-91.17850494384765625
1420685719.280698061;-86.2308349609375;-88.1012115478515625
1420686718.2816970348;-83.68915557861328125;-86.85225677490234375
1420687717.2826960087;-83.1842041015625;-88.16677093505859375
1420688716.2836949825;-83.80352020263671875;-88.31951904296875
1420689715.2846939564;-83.511871337890625;-91.035614013671875
1420690714.2856929302;-83.17740631103515625;-93.35565948486328125
1420691713.2866919041;-84.168792724609375;-91.26892852783203125
1420692712.2876908779;-88.10863494873046875;-93.790008544921875
1420693711.2886898518;-87.66890716552734375;-98.54802703857421875
1420694710.2896888256;-86.36772918701171875;-90.98120880126953125
1420695709.2906877995;-85.1991119384765625;-89.95406341552734375
1420696708.2916867733;-84.2579345703125;-87.780548095703125
1420697707.2926857471;-83.4418792724609375;-88.8176727294921875
1420698706.293684721;-82.77787017822265625;-91.60422515869140625
1420699705.2946836948;-82.6598663330078125;-94.667633056640625
1420700704.2956826687;-83.0510711669921875;-94.4418182373046875
1420701703.2966816425;-85.21018218994140625;-91.6318359375
1420702702.2976806164;-86.14910888671875;-91.4483642578125
1420703701.2986795902;-85.4969940185546875;-94.5587921142578125
1420704700.2996785641;-86.057159423828125;-97.07729339599609375
1420705699.3006775379;-87.802154541015625;-96.62798309326171875
1420706698.3016765118;-88.6930694580078125;-94.919891357421875
1420707697.3026754856;-89.51749420166015625;-92.94257354736328125
1420708696.3036744595;-88.56000518798828125;-93.89606475830078125
1420709695.3046734333;-86.65914154052734375;-98.17797088623046875
1420710694.3056724072;-86.3074493408203125;-96.39288330078125
1420711693.306671381;-86.92694854736328125;-91.851776123046875
1420712692.3076703548;-89.36795806884765625;-92.3014984130859375
1420713691.3086693287;-88.6934814453125;-92.66827392578125
1420714690.3096683025;-88.57007598876953125;-91.321197509765625
1420715689.3106672764;-87.50142669677734375;-92.87665557861328125
1420716688.3116662502;-86.5205230712890625;-93.1083526611328125
1420717687.3126652241;-86.6590118408203125;-94.21075439453125
1420718686.3136641979;-89.23709869384765625;-100.5496673583984375
1420719685.3146631718;-94.51474761962890625;-101.152435302734375
1420720684.3156621456;-92.52845001220703125;-97.5786285400390625
1420721683.3166611195;-89.25258636474609375;-93.72669219970703125
1420722682.3176600933;-86.1382293701171875;-93.6233367919921875
1420723681.3186590672;-84.71875762939453125;-92.54024505615234375
1420724680.319658041;-84.70572662353515625;-89.52251434326171875
1420725679.3206570148;-85.84712982177734375;-88.444580078125
1420726678.3216559887;-84.5833892822265625;-96.42766571044921875
1420727677.3226549625;-84.3048248291015625;-91.64693450927734375
1420728676.3236539364;-84.396240234375;-86.26360321044921875
1420729675.3246529102;-83.1627044677734375;-85.31325531005859375
1420730674.3256518841;-83.01552581787109375;-86.60684967041015625
1420731673.3266508579;-83.390899658203125;-88.65622711181640625
1420732672.3276498318;-84.4722442626953125;-87.91515350341796875
1420733671.3286488056;-86.02880859375;-87.97734832763671875
1420734670.3296477795;-86.40259552001953125;-91.73553466796875
1420735669.3306467533;-85.02233123779296875;-97.012542724609375
1420736668.3316457272;-84.03099822998046875;-95.40927886962890625
1420737667.332644701;-84.16944122314453125;-90.6905059814453125
1420738666.3336436749;-85.81917572021484375;-90.566864013671875
1420739665.3346426487;-86.66857147216796875;-89.78936004638671875
1420740664.3356416225;-85.212249755859375;-88.50342559814453125
1420741663.3366405964;-84.8724517822265625;-93.44243621826171875
1420742662.3376395702;-85.13616943359375;-87.01544952392578125
1420743661.3386385441;-86.4142913818359375;-88.56102752685546875
1420744660.3396375179;-87.5731658935546875;-96.42162322998046875
1420745659.3406364918;-89.4801483154296875;-96.0445404052734375
1420746658.3416354656;-92.0933837890625;-97.28708648681640625
1420747657.3426344395;-87.7930755615234375;-94.86769866943359375
1420748656.3436334133;-86.01990509033203125;-89.12662506103515625
1420749655.3446323872;-86.2082061767578125;-88.06497955322265625
1420750654.345631361;-87.17633056640625;-98.24317169189453125
1420751653.3466303349;-87.02519989013671875;-96.67040252685546875
1420752652.3476293087;-87.18640899658203125;-89.5149078369140625
1420753651.3486282825;-87.2713165283203125;-88.8425445556640625
1420754650.3496272564;-85.66399383544921875;-92.0288238525390625
1420755649.3506262302;-83.72391510009765625;-92.1297149658203125
1420756648.3516252041;-83.55513763427734375;-88.41524505615234375
1420757647.3526241779;-84.12389373779296875;-89.9154510498046875
1420758646.3536231518;-84.7164764404296875;-91.928802490234375
1420759645.3546221256;-85.875579833984375;-91.82238006591796875
1420760644.3556210995;-86.3473358154296875;-89.466400146484375
1420761643.3566200733;-84.83014678955078125;-86.0101318359375
1420762642.3576190472;-84.6591796875;-87.4328155517578125
1420763641.358618021;-85.40654754638671875;-90.37091827392578125
1420764640.3596169949;-87.7994232177734375;-98.569427490234375
1420765639.3606159687;-90.1664581298828125;-95.8011627197265625
1420766638.3616149426;-88.5489501953125;-95.62920379638671875
1420767637.3626139164;-87.22704315185546875;-90.31787872314453125
1420768636.3636128902;-87.28978729248046875;-88.22281646728515625
1420769635.3646118641;-88.8221588134765625;-91.8421630859375
1420770634.3656108379;-91.835723876953125;-96.3314361572265625
1420771633.3666098118;-92.4693145751953125;-95.92853546142578125
1420772632.3676087856;-87.88817596435546875;-92.24250030517578125
1420773631.3686077595;-85.60559844970703125;-92.11220550537109375
1420774630.3696067333;-85.074493408203125;-95.38744354248046875
1420775629.3706057072;-85.2402801513671875;-97.75859832763671875
1420776628.371604681;-87.05814361572265625;-91.90506744384765625
1420777627.3726036549;-88.607666015625;-90.8568878173828125
1420778626.3736026287;-85.77365875244140625;-96.34336090087890625
1420779625.3746016026;-84.52285003662109375;-94.72274017333984375
1420780624.3756005764;-84.61614990234375;-93.042755126953125
1420781623.3765995502;-85.68885040283203125;-92.29680633544921875
1420782622.3775985241;-85.69335174560546875;-90.6114501953125
1420783621.3785974979;-86.4873046875;-89.04172515869140625
1420784620.3795964718;-88.385650634765625;-90.83840179443359375
1420785619.3805954456;-87.65838623046875;-88.86920928955078125
1420786618.3815944195;-87.16534423828125;-89.99422454833984375
1420787617.3825933933;-87.47705078125;-90.86077880859375
1420788616.3835923672;-89.68399810791015625;-95.67789459228515625
1420789615.384591341;-89.54151153564453125;-93.12940216064453125
1420790614.3855903149;-87.01922607421875;-91.76441192626953125
1420791613.3865892887;-85.732940673828125;-91.805419921875
1420792612.3875882626;-85.76332855224609375;-92.1299285888671875
1420793611.3885872364;-87.07506561279296875;-91.6381072998046875
1420794610.3895862103;-87.2299957275390625;-89.29003143310546875
1420795609.3905851841;-86.1513671875;-89.953857421875
1420796608.3915841579;-86.16083526611328125;-92.0738372802734375
1420797607.3925831318;-87.4251708984375;-95.93196868896484375
1420798606.3935821056;-89.58051300048828125;-98.94290924072265625
1420799605.3945810795;-88.54375457763671875;-96.10504150390625
1420800604.3955800533;-88.71173858642578125;-97.2077789306640625
1420801603.3965790272;-87.49893951416015625;-90.94167327880859375
1420802602.397578001;-86.3197784423828125;-95.418670654296875
1420803601.3985769749;-86.45574951171875;-100.15692138671875
1420804600.3995759487;-86.01663970947265625;-91.11612701416015625
1420805599.4005749226;-84.14620208740234375;-86.98490142822265625
1420806598.4015738964;-83.76496124267578125;-85.2548675537109375
1420807597.4025728703;-84.04317474365234375;-86.45864105224609375
1420808596.4035718441;-85.39495849609375;-89.131927490234375
1420809595.4045708179;-85.8551788330078125;-89.691680908203125
1420810594.4055697918;-85.76328277587890625;-88.09740447998046875
1420811593.4065687656;-86.2577667236328125;-89.33623504638671875
1420812592.4075677395;-88.3992156982421875;-91.3740234375
1420813591.4085667133;-90.66773223876953125;-93.0791168212890625
1420814590.4095656872;-87.78247833251953125;-92.613006591796875
1420815589.410564661;-87.77602386474609375;-92.43300628662109375
1420816588.4115636349;-90.8837890625;-97.0410614013671875
1420817587.4125626087;-89.1469573974609375;-96.45263671875
1420818586.4135615826;-86.68740081787109375;-91.60833740234375
1420819585.4145605564;-86.449615478515625;-88.872589111328125
1420820584.4155595303;-87.564697265625;-88.90512847900390625
1420821583.4165585041;-89.2596588134765625;-90.50025177001953125
1420822582.417557478;-90.1398773193359375;-93.148468017578125
1420823581.4185564518;-91.47785186767578125;-93.091400146484375
1420824580.4195554256;-87.08914947509765625;-91.13370513916015625
1420825579.4205543995;-83.86713409423828125;-88.17562103271484375
1420826578.4215533733;-82.95677947998046875;-86.1862640380859375
1420827577.4225523472;-83.0404205322265625;-86.91474151611328125
1420828576.423551321;-84.1839141845703125;-91.155670166015625
1420829575.4245502949;-86.2265777587890625;-94.08090972900390625
1420830574.4255492687;-85.74007415771484375;-92.90398406982421875
1420831573.4265482426;-84.27635955810546875;-99.123260498046875
1420832572.4275472164;-84.21894073486328125;-95.0934600830078125
1420833571.4285461903;-84.85005950927734375;-88.261993408203125
1420834570.4295451641;-84.29296875;-85.22442626953125
1420835569.430544138;-83.924102783203125;-84.86700439453125
1420836568.4315431118;-83.97557830810546875;-84.82302093505859375
1420837567.4325420856;-84.0605621337890625;-85.44115447998046875
1420838566.4335410595;-84.04752349853515625;-87.23587799072265625
1420839565.4345400333;-84.82131195068359375;-90.44550323486328125
1420840564.4355390072;-86.563720703125;-96.19970703125
1420841563.436537981;-89.69702911376953125;-98.2152099609375
1420842562.4375369549;-87.06652069091796875;-97.38167572021484375
1420843561.4385359287;-84.909088134765625;-96.71007537841796875
1420844560.4395349026;-84.7011566162109375;-94.19699859619140625
1420845559.4405338764;-85.3226470947265625;-90.287933349609375
1420846558.4415328503;-86.78598785400390625;-90.76732635498046875
1420847557.4425318241;-87.77716064453125;-88.96373748779296875
1420848556.443530798;-88.46364593505859375;-89.502349853515625
1420849555.4445297718;-89.83843994140625;-91.24710845947265625
1420850554.4455287457;-85.78925323486328125;-91.76853179931640625
1420851553.4465277195;-83.715484619140625;-90.77941131591796875
1420852552.4475266933;-83.56026458740234375;-89.0650787353515625
1420853551.4485256672;-84.50811004638671875;-89.246337890625
1420854550.449524641;-87.76027679443359375;-96.97002410888671875
1420855549.4505236149;-88.73970794677734375;-94.03989410400390625
1420856548.4515225887;-86.9304962158203125;-90.4409027099609375
1420857547.4525215626;-87.00208282470703125;-89.7160186767578125
1420858546.4535205364;-87.9255523681640625;-100.03760528564453125
1420859545.4545195103;-89.08791351318359375;-96.6586456298828125
1420860544.4555184841;-90.5877532958984375;-94.1078338623046875
1420861543.456517458;-89.6358184814453125;-91.7529296875
1420862542.4575164318;-90.22000885009765625;-92.1925811767578125
1420863541.4585154057;-89.7967987060546875;-92.25319671630859375
1420864540.4595143795;-88.478759765625;-89.962646484375
1420865539.4605133533;-87.37735748291015625;-90.84749603271484375
1420866538.4615123272;-86.654754638671875;-91.30086517333984375
1420867537.462511301;-85.94426727294921875;-89.22472381591796875
1420868536.4635102749;-85.61148834228515625;-92.90314483642578125
1420869535.4645092487;-85.838653564453125;-94.5259246826171875
1420870534.4655082226;-87.64823150634765625;-92.472747802734375
1420871533.4665071964;-86.16373443603515625;-97.526611328125
1420872532.4675061703;-84.560333251953125;-101.30684661865234375
1420873531.4685051441;-84.31365203857421875;-97.0880279541015625
1420874530.469504118;-84.48632049560546875;-94.21489715576171875
1420875529.4705030918;-85.291748046875;-92.03064727783203125
1420876528.4715020657;-87.05281829833984375;-90.52324676513671875
1420877527.4725010395;-89.28739166259765625;-97.052093505859375
1420878526.4735000134;-88.87941741943359375;-100.59194183349609375
1420879525.4744989872;-88.916839599609375;-95.17147064208984375
1420880524.475497961;-90.23728179931640625;-93.12982940673828125
1420881523.4764969349;-90.47466278076171875;-97.5639495849609375
1420882522.4774959087;-89.79212188720703125;-96.03466796875
1420883521.4784948826;-90.1708984375;-91.2719268798828125
1420884520.4794938564;-90.62935638427734375;-93.51779937744140625
1420885519.4804928303;-87.42047882080078125;-96.68686676025390625
1420886518.4814918041;-86.77098846435546875;-91.0089874267578125
1420887517.482490778;-87.23236083984375;-88.5338897705078125
1420888516.4834897518;-88.69384765625;-90.93939208984375
1420889515.4844887257;-90.06864166259765625;-97.17658233642578125
1420890514.4854876995;-89.18841552734375;-97.4537200927734375
1420891513.4864866734;-87.61736297607421875;-97.0757904052734375
1420892512.4874856472;-86.67420196533203125;-92.08769989013671875
1420893511.488484621;-86.85489654541015625;-89.68487548828125
1420894510.4894835949;-87.63765716552734375;-89.2788543701171875
1420895509.4904825687;-86.933868408203125;-90.1728973388671875
1420896508.4914815426;-86.9375457763671875;-90.90749359130859375
1420897507.4924805164;-88.66480255126953125;-92.4456787109375
1420898506.4934794903;-88.32521820068359375;-92.01921844482421875
1420899505.4944784641;-86.97528076171875;-89.9325408935546875
1420900504.495477438;-87.21703338623046875;-89.688934326171875
1420901503.4964764118;-89.40116119384765625;-94.01790618896484375
1420902502.4974753857;-87.9725341796875;-92.3563995361328125
1420903501.4984743595;-86.1480560302734375;-91.12827301025390625
1420904500.4994733334;-86.29676055908203125;-87.88201141357421875
