Type;FSVA3044;
Version;1.31;
Date;24.Mar 2026;
Mode;ANALYZER;
Preamplifier;OFF;
Transducer;OFF;
Center Freq;1420405000.000000;Hz
Freq Offset;0.000000;Hz
Start;1419905000.000000;Hz
Stop;1420905000.000000;Hz
Span;1000000.000000;Hz
Ref Level;20.000000;dBm
Level Offset;0.000000;dB
Rf Att;30.000000;dB
El Att;0.000000;dB
RBW;3000.000000;Hz
VBW;1000.000000;Hz
SWT;0.002100;s
Sweep Count;0;
Window;1;TOI
Ref Position;100.000000;%
Level Range;100.000000;dB
x-Axis;LIN;
y-Axis;LOG;
x-Unit;Hz;
y-Unit;dBm;
Trace;1;
Trace Mode;CLR/WRITE;
Detector;AUTOPEAK;
Values;1001;
1419905499.5004994869;-82.30678558349609375;-86.291168212890625
1419906498.5014984608;-84.455047607421875;-89.1740570068359375
1419907497.5024974346;-89.70026397705078125;-93.72843170166015625
1419908496.5034964085;-86.68740081787109375;-94.8481292724609375
1419909495.5044953823;-86.600250244140625;-91.37389373779296875
1419910494.5054943562;-86.40999603271484375;-90.4583892822265625
1419911493.50649333;-86.3658294677734375;-94.9855804443359375
1419912492.5074923038;-86.51631927490234375;-102.1272430419921875
1419913491.5084912777;-85.37920379638671875;-94.55596923828125
1419914490.5094902515;-84.97354888916015625;-89.13544464111328125
1419915489.5104892254;-85.29279327392578125;-86.8881378173828125
1419916488.5114881992;-84.41844940185546875;-90.11576080322265625
1419917487.5124871731;-84.38629150390625;-90.61312103271484375
1419918486.5134861469;-85.385162353515625;-88.739288330078125
1419919485.5144851208;-86.69060516357421875;-93.0789337158203125
1419920484.5154840946;-86.86997222900390625;-95.37660980224609375
1419921483.5164830685;-88.0202484130859375;-90.68000030517578125
1419922482.5174820423;-88.68033599853515625;-90.47608184814453125
1419923481.5184810162;-90.13787841796875;-96.96109771728515625
1419924480.51947999;-92.5043792724609375;-95.2982940673828125
1419925479.5204789639;-93.21668243408203125;-98.86560821533203125
1419926478.5214779377;-92.9104156494140625;-101.2739105224609375
1419927477.5224769115;-93.24590301513671875;-102.7360687255859375
1419928476.5234758854;-91.6841278076171875;-102.657958984375
1419929475.5244748592;-89.48602294921875;-101.94440460205078125
1419930474.5254738331;-88.7011260986328125;-100.37274932861328125
1419931473.5264728069;-89.305419921875;-95.70269775390625
1419932472.5274717808;-87.8391571044921875;-93.5692901611328125
1419933471.5284707546;-85.29119110107421875;-92.9711761474609375
1419934470.5294697285;-84.8268280029296875;-90.45546722412109375
1419935469.5304687023;-85.073944091796875;-87.1627960205078125
1419936468.5314676762;-85.94582366943359375;-89.2662811279296875
1419937467.53246665;-87.56443023681640625;-90.88629150390625
1419938466.5334656239;-90.31713104248046875;-92.88732147216796875
1419939465.5344645977;-90.3770904541015625;-93.3876495361328125
1419940464.5354635715;-90.44666290283203125;-95.98602294921875
1419941463.5364625454;-90.06652069091796875;-102.45958709716796875
1419942462.5374615192;-89.86852264404296875;-95.64255523681640625
1419943461.5384604931;-86.06935882568359375;-90.6866455078125
1419944460.5394594669;-84.9300994873046875;-90.7073211669921875
1419945459.5404584408;-84.93743896484375;-90.27188873291015625
1419946458.5414574146;-85.81255340576171875;-90.801666259765625
1419947457.5424563885;-87.51401519775390625;-93.1903839111328125
1419948456.5434553623;-89.9166412353515625;-97.46990203857421875
1419949455.5444543362;-93.21559906005859375;-103.6508026123046875
1419950454.54545331;-96.43264007568359375;-100.91558074951171875
1419951453.5464522839;-94.35882568359375;-101.81934356689453125
1419952452.5474512577;-91.51087188720703125;-102.60527801513671875
1419953451.5484502316;-91.243988037109375;-93.98372650146484375
1419954450.5494492054;-90.47183990478515625;-92.11949920654296875
1419955449.5504481792;-91.0032196044921875;-93.03737640380859375
1419956448.5514471531;-91.18450927734375;-100.5816802978515625
1419957447.5524461269;-90.5753631591796875;-97.01599884033203125
1419958446.5534451008;-87.77617645263671875;-91.80831146240234375
1419959445.5544440746;-87.486236572265625;-94.3738250732421875
1419960444.5554430485;-88.5176544189453125;-94.65119171142578125
1419961443.5564420223;-90.50225067138671875;-100.95832061767578125
1419962442.5574409962;-88.38074493408203125;-108.41230010986328125
1419963441.55843997;-86.59740447998046875;-91.12346649169921875
1419964440.5594389439;-83.32218170166015625;-86.0547027587890625
1419965439.5604379177;-80.5869140625;-85.92144775390625
1419966438.5614368916;-79.38077545166015625;-91.73914337158203125
1419967437.5624358654;-79.42951202392578125;-95.74266815185546875
1419968436.5634348392;-81.3829803466796875;-93.2884521484375
1419969435.5644338131;-86.4820098876953125;-91.23834228515625
1419970434.5654327869;-84.7309722900390625;-86.4884185791015625
1419971433.5664317608;-84.7162933349609375;-85.65178680419921875
1419972432.5674307346;-85.2071990966796875;-85.72847747802734375
1419973431.5684297085;-84.767303466796875;-85.98308563232421875
1419974430.5694286823;-84.74820709228515625;-85.80702972412109375
1419975429.5704276562;-85.63443756103515625;-87.622894287109375
1419976428.57142663;-85.999298095703125;-100.0051727294921875
1419977427.5724256039;-85.736236572265625;-92.042327880859375
1419978426.5734245777;-85.7303314208984375;-86.81432342529296875
1419979425.5744235516;-86.21657562255859375;-87.2984619140625
1419980424.5754225254;-86.1096954345703125;-88.54169464111328125
1419981423.5764214993;-83.1770477294921875;-91.2265167236328125
1419982422.5774204731;-82.3873443603515625;-97.10218048095703125
1419983421.5784194469;-82.6307220458984375;-98.6219329833984375
1419984420.5794184208;-84.4865570068359375;-95.39783477783203125
1419985419.5804173946;-86.91778564453125;-93.094573974609375
1419986418.5814163685;-88.1110382080078125;-90.1326446533203125
1419987417.5824153423;-87.54647064208984375;-91.49565887451171875
1419988416.5834143162;-87.59149932861328125;-94.26224517822265625
1419989415.58441329;-88.2482147216796875;-98.1037750244140625
1419990414.5854122639;-89.79999542236328125;-96.43115234375
1419991413.5864112377;-90.80120849609375;-94.9579925537109375
1419992412.5874102116;-89.57529449462890625;-102.96244049072265625
1419993411.5884091854;-89.5829925537109375;-100.5612945556640625
1419994410.5894081593;-90.1450347900390625;-94.31552886962890625
1419995409.5904071331;-89.07929229736328125;-91.44609832763671875
1419996408.5914061069;-89.10503387451171875;-91.520233154296875
1419997407.5924050808;-92.13755035400390625;-97.17376708984375
1419998406.5934040546;-95.80980682373046875;-104.9478607177734375
1419999405.5944030285;-93.23854827880859375;-100.54595184326171875
1420000404.5954020023;-89.82263946533203125;-94.97265625
1420001403.5964009762;-87.3863525390625;-99.20397186279296875
1420002402.59739995;-86.87939453125;-100.69705963134765625
1420003401.5983989239;-87.16182708740234375;-97.31322479248046875
1420004400.5993978977;-89.28267669677734375;-96.436767578125
1420005399.6003968716;-94.55385589599609375;-97.19366455078125
1420006398.6013958454;-92.71817779541015625;-94.3102264404296875
1420007397.6023948193;-92.40305328369140625;-93.68071746826171875
1420008396.6033937931;-92.23845672607421875;-94.0537109375
1420009395.604392767;-90.13419342041015625;-94.8138427734375
1420010394.6053917408;-89.68662261962890625;-93.70851898193359375
1420011393.6063907146;-88.67157745361328125;-93.17833709716796875
1420012392.6073896885;-87.48628997802734375;-92.01021575927734375
1420013391.6083886623;-87.27397918701171875;-88.5576171875
1420014390.6093876362;-85.94142913818359375;-88.27390289306640625
1420015389.61038661;-85.46136474609375;-87.708648681640625
1420016388.6113855839;-85.522613525390625;-86.39699554443359375
1420017387.6123845577;-86.10884857177734375;-88.06595611572265625
1420018386.6133835316;-88.7575836181640625;-93.09334564208984375
1420019385.6143825054;-92.59006500244140625;-95.920074462890625
1420020384.6153814793;-92.34299468994140625;-99.41448974609375
1420021383.6163804531;-90.2050323486328125;-96.9036407470703125
1420022382.617379427;-89.59449005126953125;-94.15024566650390625
1420023381.6183784008;-89.753387451171875;-91.3889007568359375
1420024380.6193773746;-86.6502227783203125;-93.47853851318359375
1420025379.6203763485;-84.35192108154296875;-93.32402801513671875
1420026378.6213753223;-83.9817657470703125;-99.5445404052734375
1420027377.6223742962;-84.11370086669921875;-90.24945831298828125
1420028376.62337327;-84.6542205810546875;-87.185546875
1420029375.6243722439;-86.05651092529296875;-86.42559051513671875
1420030374.6253712177;-86.47154998779296875;-87.23883056640625
1420031373.6263701916;-87.250213623046875;-91.916778564453125
1420032372.6273691654;-85.53241729736328125;-98.28650665283203125
1420033371.6283681393;-85.32342529296875;-92.1564178466796875
1420034370.6293671131;-85.65679168701171875;-89.52939605712890625
1420035369.630366087;-88.12659454345703125;-93.41036224365234375
1420036368.6313650608;-88.803802490234375;-92.9449462890625
1420037367.6323640347;-86.90927886962890625;-100.33843231201171875
1420038366.6333630085;-86.2298583984375;-100.7479705810546875
1420039365.6343619823;-86.173309326171875;-92.65377044677734375
1420040364.6353609562;-86.7615203857421875;-89.26119232177734375
1420041363.63635993;-89.21746063232421875;-93.34000396728515625
1420042362.6373589039;-88.74303436279296875;-95.3342132568359375
1420043361.6383578777;-86.49864959716796875;-94.09700775146484375
1420044360.6393568516;-86.42012786865234375;-91.6360931396484375
1420045359.6403558254;-87.7495574951171875;-94.421295166015625
1420046358.6413547993;-91.49153900146484375;-97.50760650634765625
1420047357.6423537731;-87.1171417236328125;-104.01251983642578125
1420048356.643352747;-86.48419952392578125;-94.431060791015625
1420049355.6443517208;-87.00771331787109375;-89.4972991943359375
1420050354.6453506947;-85.2607269287109375;-87.1280364990234375
1420051353.6463496685;-83.5839385986328125;-87.970001220703125
1420052352.6473486423;-83.500152587890625;-92.32016754150390625
1420053351.6483476162;-84.88916015625;-100.65706634521484375
1420054350.64934659;-88.72203826904296875;-101.7742156982421875
1420055349.6503455639;-92.14685821533203125;-98.95845794677734375
1420056348.6513445377;-93.36519622802734375;-99.23016357421875
1420057347.6523435116;-89.76061248779296875;-99.8815765380859375
1420058346.6533424854;-88.9274749755859375;-97.22931671142578125
1420059345.6543414593;-89.25894927978515625;-107.9141387939453125
1420060344.6553404331;-90.7966156005859375;-97.84407806396484375
1420061343.656339407;-92.1905517578125;-98.29151153564453125
1420062342.6573383808;-91.375152587890625;-96.29224395751953125
1420063341.6583373547;-91.01967620849609375;-94.630462646484375
1420064340.6593363285;-88.00588226318359375;-95.22896575927734375
1420065339.6603353024;-87.13967132568359375;-97.57422637939453125
1420066338.6613342762;-87.17311859130859375;-97.75991058349609375
1420067337.66233325;-87.20883941650390625;-93.177825927734375
1420068336.6633322239;-84.77797698974609375;-87.26145172119140625
1420069335.6643311977;-83.08367919921875;-86.01230621337890625
1420070334.6653301716;-82.3162994384765625;-83.8208770751953125
1420071333.6663291454;-80.743255615234375;-86.10146331787109375
1420072332.6673281193;-80.3828125;-93.6539459228515625
1420073331.6683270931;-80.757659912109375;-94.28240203857421875
1420074330.669326067;-83.109527587890625;-88.07021331787109375
1420075329.6703250408;-86.77298736572265625;-92.47283172607421875
1420076328.6713240147;-87.8280181884765625;-91.45464324951171875
1420077327.6723229885;-87.42041778564453125;-99.474365234375
1420078326.6733219624;-86.715850830078125;-104.1049957275390625
1420079325.6743209362;-86.9742431640625;-104.80440521240234375
1420080324.67531991;-89.1858673095703125;-100.20050048828125
1420081323.6763188839;-86.31615447998046875;-94.34819793701171875
1420082322.6773178577;-85.23206329345703125;-90.01314544677734375
1420083321.6783168316;-85.31180572509765625;-86.8674774169921875
1420084320.6793158054;-84.32544708251953125;-88.1468963623046875
1420085319.6803147793;-83.7167816162109375;-92.44512176513671875
1420086318.6813137531;-83.692291259765625;-95.7164306640625
1420087317.682312727;-84.537445068359375;-93.10483551025390625
1420088316.6833117008;-86.67784881591796875;-96.03110504150390625
1420089315.6843106747;-85.815399169921875;-94.4522552490234375
1420090314.6853096485;-84.123809814453125;-89.2315216064453125
1420091313.6863086224;-83.6103668212890625;-86.4871673583984375
1420092312.6873075962;-83.81566619873046875;-89.30057525634765625
1420093311.6883065701;-85.02301788330078125;-94.04776763916015625
1420094310.6893055439;-87.06627655029296875;-89.49852752685546875
1420095309.6903045177;-88.065887451171875;-94.233154296875
1420096308.6913034916;-90.59227752685546875;-99.18875885009765625
1420097307.6923024654;-88.69687652587890625;-102.8109588623046875
1420098306.6933014393;-87.4952392578125;-98.91333770751953125
1420099305.6943004131;-87.18756103515625;-94.66234588623046875
1420100304.695299387;-86.77118682861328125;-98.741668701171875
1420101303.6962983608;-85.4176025390625;-94.53275299072265625
1420102302.6972973347;-83.8491973876953125;-88.82480621337890625
1420103301.6982963085;-83.0942230224609375;-86.690277099609375
1420104300.6992952824;-83.10147857666015625;-85.060821533203125
1420105299.7002942562;-83.437347412109375;-84.85590362548828125
1420106298.7012932301;-83.60395050048828125;-87.04479217529296875
1420107297.7022922039;-85.23522186279296875;-89.9560089111328125
1420108296.7032911777;-87.86083984375;-90.44252777099609375
1420109295.7042901516;-87.19165802001953125;-88.76107025146484375
1420110294.7052891254;-86.364837646484375;-87.32080078125
1420111293.7062880993;-86.41910552978515625;-87.70599365234375
1420112292.7072870731;-87.04460906982421875;-89.887298583984375
1420113291.708286047;-88.92607879638671875;-94.40564727783203125
1420114290.7092850208;-87.03266143798828125;-92.3265533447265625
1420115289.7102839947;-84.89133453369140625;-86.81537628173828125
1420116288.7112829685;-84.8515472412109375;-85.47220611572265625
1420117287.7122819424;-85.5409698486328125;-87.8360595703125
1420118286.7132809162;-85.728759765625;-88.9612579345703125
1420119285.7142798901;-84.5807647705078125;-88.36258697509765625
1420120284.7152788639;-83.609649658203125;-89.65517425537109375
1420121283.7162778378;-83.696929931640625;-89.9570159912109375
1420122282.7172768116;-84.87322235107421875;-90.72292327880859375
1420123281.7182757854;-86.90631866455078125;-91.71773529052734375
1420124280.7192747593;-89.05529022216796875;-91.68999481201171875
1420125279.7202737331;-85.58533477783203125;-88.204559326171875
1420126278.721272707;-83.75797271728515625;-84.85593414306640625
1420127277.7222716808;-83.45514678955078125;-84.0786895751953125
1420128276.7232706547;-83.64876556396484375;-85.557037353515625
1420129275.7242696285;-85.27048492431640625;-87.36236572265625
1420130274.7252686024;-86.7421722412109375;-92.2290802001953125
1420131273.7262675762;-88.13278961181640625;-92.927764892578125
1420132272.7272665501;-90.429534912109375;-93.01369476318359375
1420133271.7282655239;-85.62850189208984375;-95.9063873291015625
1420134270.7292644978;-84.00060272216796875;-98.100494384765625
1420135269.7302634716;-84.17122650146484375;-90.46683502197265625
1420136268.7312624454;-87.3082427978515625;-91.686859130859375
1420137267.7322614193;-90.862701416015625;-94.8627166748046875
1420138266.7332603931;-85.52867889404296875;-91.80959320068359375
1420139265.734259367;-84.21137237548828125;-93.7185821533203125
1420140264.7352583408;-84.31285858154296875;-97.7642974853515625
1420141263.7362573147;-85.340179443359375;-102.75484466552734375
1420142262.7372562885;-86.599334716796875;-100.61206817626953125
1420143261.7382552624;-87.97245025634765625;-95.51090240478515625
1420144260.7392542362;-89.02263641357421875;-93.17182159423828125
1420145259.7402532101;-88.61321258544921875;-97.31328582763671875
1420146258.7412521839;-87.185546875;-103.48052978515625
1420147257.7422511578;-87.004669189453125;-94.6903228759765625
1420148256.7432501316;-84.4024200439453125;-96.791717529296875
1420149255.7442491055;-82.8908843994140625;-92.77811431884765625
1420150254.7452480793;-82.78086090087890625;-89.187744140625
1420151253.7462470531;-83.3787994384765625;-90.87451934814453125
1420152252.747246027;-85.493560791015625;-100.3282928466796875
1420153251.7482450008;-89.50722503662109375;-98.8953399658203125
1420154250.7492439747;-87.96778106689453125;-97.20478057861328125
1420155249.7502429485;-86.65717315673828125;-93.33205413818359375
1420156248.7512419224;-85.6462249755859375;-87.7592926025390625
1420157247.7522408962;-85.518463134765625;-89.19301605224609375
1420158246.7532398701;-86.8348541259765625;-89.79651641845703125
1420159245.7542388439;-88.91445159912109375;-92.33501434326171875
1420160244.7552378178;-89.2718048095703125;-94.31402587890625
1420161243.7562367916;-90.52034759521484375;-93.21112823486328125
1420162242.7572357655;-92.80770111083984375;-96.2154998779296875
1420163241.7582347393;-95.114501953125;-102.4063568115234375
1420164240.7592337132;-92.79364013671875;-97.04155731201171875
1420165239.760232687;-88.95072174072265625;-96.25794219970703125
1420166238.7612316608;-86.42609405517578125;-106.8381805419921875
1420167237.7622306347;-85.549896240234375;-97.7953643798828125
1420168236.7632296085;-85.69275665283203125;-90.37140655517578125
1420169235.7642285824;-87.32476043701171875;-89.89520263671875
1420170234.7652275562;-87.511138916015625;-94.84131622314453125
1420171233.7662265301;-89.0124969482421875;-94.1846466064453125
1420172232.7672255039;-86.69152069091796875;-99.143402099609375
1420173231.7682244778;-84.33571624755859375;-90.15401458740234375
1420174230.7692234516;-82.51349639892578125;-86.0072479248046875
1420175229.7702224255;-81.3998260498046875;-85.97809600830078125
1420176228.7712213993;-81.22406005859375;-88.79779815673828125
1420177227.7722203732;-81.572357177734375;-89.72139739990234375
1420178226.773219347;-83.1983795166015625;-86.30225372314453125
1420179225.7742183208;-83.14746856689453125;-91.21193695068359375
1420180224.7752172947;-83.633544921875;-93.99730682373046875
1420181223.7762162685;-86.7209320068359375;-93.98798370361328125
1420182222.7772152424;-91.1886444091796875;-96.9014739990234375
1420183221.7782142162;-89.413848876953125;-91.3150787353515625
1420184220.7792131901;-88.85646820068359375;-92.66290283203125
1420185219.7802121639;-87.8228302001953125;-90.592132568359375
1420186218.7812111378;-87.16806793212890625;-92.69976806640625
1420187217.7822101116;-87.84993743896484375;-93.26932525634765625
1420188216.7832090855;-88.09662628173828125;-91.8831634521484375
1420189215.7842080593;-87.88385772705078125;-90.71044921875
1420190214.7852070332;-87.2578125;-91.9548797607421875
1420191213.786206007;-84.8177337646484375;-93.578216552734375
1420192212.7872049809;-83.79766845703125;-90.9560546875
1420193211.7882039547;-83.69245147705078125;-89.3118438720703125
1420194210.7892029285;-83.78548431396484375;-87.3557891845703125
1420195209.7902019024;-84.051666259765625;-87.76305389404296875
1420196208.7912008762;-84.5219879150390625;-88.08353424072265625
1420197207.7921998501;-85.11634063720703125;-87.5745697021484375
1420198206.7931988239;-86.376617431640625;-91.90860748291015625
1420199205.7941977978;-84.86728668212890625;-95.166290283203125
1420200204.7951967716;-82.27526092529296875;-91.48250579833984375
1420201203.7961957455;-81.72797393798828125;-88.48999786376953125
1420202202.7971947193;-82.050689697265625;-88.62924957275390625
1420203201.7981936932;-83.28481292724609375;-88.72525787353515625
1420204200.799192667;-83.83449554443359375;-87.14694976806640625
1420205199.8001916409;-84.2419281005859375;-86.14544677734375
1420206198.8011906147;-85.739501953125;-87.26821136474609375
1420207197.8021895885;-85.75074005126953125;-87.57483673095703125
1420208196.8031885624;-84.99005126953125;-87.3024139404296875
1420209195.8041875362;-83.978912353515625;-90.4332275390625
1420210194.8051865101;-83.76410675048828125;-93.2792816162109375
1420211193.8061854839;-83.97249603271484375;-93.500823974609375
1420212192.8071844578;-85.2718048095703125;-93.0310821533203125
1420213191.8081834316;-88.18636322021484375;-96.18007659912109375
1420214190.8091824055;-93.3337554931640625;-106.7914276123046875
1420215189.8101813793;-89.8751220703125;-99.83941650390625
1420216188.8111803532;-88.7902679443359375;-96.2864532470703125
1420217187.812179327;-89.00371551513671875;-95.1256866455078125
1420218186.8131783009;-90.4843597412109375;-97.399169921875
1420219185.8141772747;-87.83750152587890625;-96.654632568359375
1420220184.8151762486;-87.6925811767578125;-90.07520294189453125
1420221183.8161752224;-86.43778228759765625;-92.884857177734375
1420222182.8171741962;-86.6576690673828125;-92.6937408447265625
1420223181.8181731701;-87.23609161376953125;-88.5625762939453125
1420224180.8191721439;-85.94559478759765625;-87.6661834716796875
1420225179.8201711178;-85.6778106689453125;-87.7794036865234375
1420226178.8211700916;-85.697296142578125;-86.959381103515625
1420227177.8221690655;-86.147369384765625;-87.1634368896484375
1420228176.8231680393;-87.286651611328125;-90.063140869140625
1420229175.8241670132;-91.4093780517578125;-94.723114013671875
1420230174.825165987;-92.29024505615234375;-101.45186614990234375
1420231173.8261649609;-92.72241973876953125;-99.96356201171875
1420232172.8271639347;-87.68575286865234375;-98.5867919921875
1420233171.8281629086;-85.42281341552734375;-97.9693450927734375
1420234170.8291618824;-84.7823638916015625;-90.58361053466796875
1420235169.8301608562;-84.87955474853515625;-90.4501190185546875
1420236168.8311598301;-85.95604705810546875;-96.587921142578125
1420237167.8321588039;-87.48361968994140625;-100.00511932373046875
1420238166.8331577778;-87.903717041015625;-92.67417144775390625
1420239165.8341567516;-87.8198089599609375;-89.38399505615234375
1420240164.8351557255;-87.9122314453125;-88.366546630859375
1420241163.8361546993;-87.0194091796875;-88.0806732177734375
1420242162.8371536732;-84.399139404296875;-87.82767486572265625
1420243161.838152647;-82.43526458740234375;-87.8451385498046875
1420244160.8391516209;-81.90206146240234375;-88.24216461181640625
1420245159.8401505947;-81.9864959716796875;-89.164337158203125
1420246158.8411495686;-82.76007843017578125;-90.91705322265625
1420247157.8421485424;-83.944122314453125;-95.00788116455078125
1420248156.8431475163;-84.1827239990234375;-96.9813995361328125
1420249155.8441464901;-84.8008880615234375;-93.11374664306640625
1420250154.8451454639;-85.3734283447265625;-94.87181854248046875
1420251153.8461444378;-85.55672454833984375;-94.92620849609375
1420252152.8471434116;-78.52207183837890625;-83.8533172607421875
1420253151.8481423855;-72.39543914794921875;-72.39543914794921875
1420254150.8491413593;-69.4698333740234375;-69.4698333740234375
1420255149.8501403332;-69.1553192138671875;-69.1553192138671875
1420256148.851139307;-70.10948944091796875;-70.10948944091796875
1420257147.8521382809;-74.05419158935546875;-74.05419158935546875
1420258146.8531372547;-82.369598388671875;-82.369598388671875
1420259145.8541362286;-85.50048065185546875;-85.50048065185546875
1420260144.8551352024;-85.76848602294921875;-85.76848602294921875
1420261143.8561341763;-87.2300262451171875;-94.66069793701171875
1420262142.8571331501;-89.366943359375;-92.2178497314453125
1420263141.8581321239;-89.344635009765625;-90.3813934326171875
1420264140.8591310978;-90.41390228271484375;-92.702056884765625
1420265139.8601300716;-88.54644775390625;-92.55156707763671875
1420266138.8611290455;-87.97900390625;-93.38683319091796875
1420267137.8621280193;-89.56050872802734375;-92.86739349365234375
1420268136.8631269932;-88.23429107666015625;-91.3154754638671875
1420269135.864125967;-87.87483978271484375;-88.95098114013671875
1420270134.8651249409;-88.118133544921875;-91.495880126953125
1420271133.8661239147;-89.2817535400390625;-95.06972503662109375
1420272132.8671228886;-89.94596099853515625;-96.8180084228515625
1420273131.8681218624;-89.1906890869140625;-96.15543365478515625
1420274130.8691208363;-88.7125091552734375;-92.05513763427734375
1420275129.8701198101;-87.53495025634765625;-88.89141082763671875
1420276128.871118784;-87.36748504638671875;-90.1049957275390625
1420277127.8721177578;-88.68315887451171875;-90.94571685791015625
1420278126.8731167316;-86.830780029296875;-93.24437713623046875
1420279125.8741157055;-84.8762664794921875;-91.891021728515625
1420280124.8751146793;-83.2672119140625;-88.7097930908203125
1420281123.8761136532;-82.6642913818359375;-89.0498199462890625
1420282122.877112627;-82.78656768798828125;-91.58966827392578125
1420283121.8781116009;-84.23436737060546875;-90.06066131591796875
1420284120.8791105747;-86.5247802734375;-88.12758636474609375
1420285119.8801095486;-86.6224212646484375;-88.3750457763671875
1420286118.8811085224;-86.1255340576171875;-93.1923065185546875
1420287117.8821074963;-86.812225341796875;-91.3203887939453125
1420288116.8831064701;-87.2984771728515625;-95.14084625244140625
1420289115.884105444;-86.79218292236328125;-97.65497589111328125
1420290114.8851044178;-86.08620452880859375;-94.91761016845703125
1420291113.8861033916;-85.708160400390625;-102.316864013671875
1420292112.8871023655;-85.757049560546875;-98.06296539306640625
1420293111.8881013393;-86.7691802978515625;-97.751617431640625
1420294110.8891003132;-88.6538848876953125;-105.16748809814453125
1420295109.890099287;-89.1147918701171875;-104.75055694580078125
1420296108.8910982609;-87.46544647216796875;-98.1490478515625
1420297107.8920972347;-86.2138214111328125;-98.30136871337890625
1420298106.8930962086;-86.12288665771484375;-96.244415283203125
1420299105.8940951824;-86.69080352783203125;-89.8800811767578125
1420300104.8950941563;-85.275634765625;-89.8186187744140625
1420301103.8960931301;-85.00902557373046875;-90.67037200927734375
1420302102.897092104;-85.40952301025390625;-89.8774261474609375
1420303101.8980910778;-85.08638763427734375;-88.13065338134765625
1420304100.8990900517;-83.71537017822265625;-91.15169525146484375
1420305099.9000890255;-83.63726043701171875;-92.44341278076171875
1420306098.9010879993;-83.373199462890625;-90.89096832275390625
1420307097.9020869732;-82.4030303955078125;-87.78028106689453125
1420308096.903085947;-81.873443603515625;-90.219635009765625
1420309095.9040849209;-81.87807464599609375;-89.9772186279296875
1420310094.9050838947;-82.72522735595703125;-90.719085693359375
1420311093.9060828686;-85.24041748046875;-96.61209869384765625
1420312092.9070818424;-86.1476898193359375;-98.0075531005859375
1420313091.9080808163;-85.55667877197265625;-92.26567840576171875
1420314090.9090797901;-85.50180816650390625;-91.38446044921875
1420315089.910078764;-86.11373138427734375;-93.6711273193359375
1420316088.9110777378;-89.0257110595703125;-94.1563568115234375
1420317087.9120767117;-92.90137481689453125;-93.61092376708984375
1420318086.9130756855;-91.874481201171875;-96.91828155517578125
1420319085.9140746593;-90.35071563720703125;-105.1680145263671875
1420320084.9150736332;-88.75849151611328125;-94.36161041259765625
1420321083.916072607;-88.38045501708984375;-89.69012451171875
1420322082.9170715809;-88.00787353515625;-92.002593994140625
1420323081.9180705547;-86.034393310546875;-95.97545623779296875
1420324080.9190695286;-85.0257720947265625;-102.72138214111328125
1420325079.9200685024;-84.98152923583984375;-106.7353057861328125
1420326078.9210674763;-85.49560546875;-100.7438201904296875
1420327077.9220664501;-86.35637664794921875;-97.26740264892578125
1420328076.923065424;-87.38576507568359375;-92.78025054931640625
1420329075.9240643978;-86.17401123046875;-90.77155303955078125
1420330074.9250633717;-85.9440765380859375;-92.17618560791015625
1420331073.9260623455;-87.38796234130859375;-90.3334197998046875
1420332072.9270613194;-86.12188720703125;-92.471710205078125
1420333071.9280602932;-86.15643310546875;-94.80926513671875
1420334070.929059267;-88.60526275634765625;-93.77692413330078125
1420335069.9300582409;-93.20867919921875;-109.49627685546875
1420336068.9310572147;-97.0866851806640625;-101.4654388427734375
1420337067.9320561886;-90.96746826171875;-95.637542724609375
1420338066.9330551624;-89.27675628662109375;-92.5943756103515625
1420339065.9340541363;-87.2788848876953125;-97.67920684814453125
1420340064.9350531101;-85.444244384765625;-98.13619232177734375
1420341063.936052084;-85.4093475341796875;-92.61234283447265625
1420342062.9370510578;-85.576416015625;-92.0610809326171875
1420343061.9380500317;-84.76117706298828125;-92.07007598876953125
1420344060.9390490055;-84.42333984375;-90.64422607421875
1420345059.9400479794;-84.42552947998046875;-86.65378570556640625
1420346058.9410469532;-83.076904296875;-85.9957427978515625
1420347057.942045927;-82.99449920654296875;-88.7772979736328125
1420348056.9430449009;-83.78913116455078125;-92.45177459716796875
1420349055.9440438747;-52.65493011474609375;-71.49480438232421875
1420350054.9450428486;-33.8422088623046875;-45.5109710693359375
1420351053.9460418224;-20.96288299560546875;-29.018255233764648438
1420352052.9470407963;-12.141549110412597656;-17.624063491821289063
1420353051.9480397701;-6.5609865188598632813;-6.5609865188598632813
1420354050.949038744;-3.8202190399169921875;-3.8202190399169921875
1420355049.9500377178;-3.4786670207977294922;-3.4786670207977294922
1420356048.9510366917;-4.3105192184448242188;-4.3105192184448242188
1420357047.9520356655;-7.8153042793273925781;-7.8153042793273925781
1420358046.9530346394;-14.243987083435058594;-20.378543853759765625
1420359045.9540336132;-24.083288192749023438;-32.98940277099609375
1420360044.9550325871;-38.322772979736328125;-51.3006744384765625
1420361043.9560315609;-59.37703704833984375;-82.20845794677734375
1420362042.9570305347;-87.36498260498046875;-87.36498260498046875
1420363041.9580295086;-89.76883697509765625;-93.30615234375
1420364040.9590284824;-91.365478515625;-93.8372802734375
1420365039.9600274563;-89.87103271484375;-95.219573974609375
1420366038.9610264301;-86.21265411376953125;-89.5256195068359375
1420367037.962025404;-84.500244140625;-91.99742889404296875
1420368036.9630243778;-83.97029876708984375;-107.77846527099609375
1420369035.9640233517;-84.08127593994140625;-99.4697723388671875
1420370034.9650223255;-85.1700286865234375;-95.8994293212890625
1420371033.9660212994;-86.267181396484375;-97.716522216796875
1420372032.9670202732;-88.130096435546875;-97.58065032958984375
1420373031.9680192471;-93.31511688232421875;-97.18138885498046875
1420374030.9690182209;-93.82269287109375;-96.45819854736328125
1420375029.9700171947;-91.4895172119140625;-97.2522430419921875
1420376028.9710161686;-89.57566070556640625;-92.131561279296875
1420377027.9720151424;-87.89414215087890625;-93.70854949951171875
1420378026.9730141163;-85.59629058837890625;-89.75133514404296875
1420379025.9740130901;-83.846343994140625;-89.96901702880859375
1420380024.975012064;-83.88518524169921875;-89.089202880859375
1420381023.9760110378;-85.0017852783203125;-86.12560272216796875
1420382022.9770100117;-85.0076446533203125;-87.6773223876953125
1420383021.9780089855;-85.7169036865234375;-88.39028167724609375
1420384020.9790079594;-86.88681793212890625;-89.03569793701171875
1420385019.9800069332;-89.44976806640625;-92.70853424072265625
1420386018.9810059071;-87.352020263671875;-93.29656982421875
1420387017.9820048809;-87.13120269775390625;-93.3792572021484375
1420388016.9830038548;-89.14310455322265625;-94.0220489501953125
1420389015.9840028286;-92.0966644287109375;-94.4818115234375
1420390014.9850018024;-88.5709991455078125;-92.4896697998046875
1420391013.9860007763;-86.9120635986328125;-93.1754302978515625
1420392012.9869997501;-87.0222625732421875;-95.05878448486328125
1420393011.987998724;-89.32851409912109375;-95.090240478515625
1420394010.9889976978;-92.08866119384765625;-94.7797698974609375
1420395009.9899966717;-88.9566497802734375;-94.54552459716796875
1420396008.9909956455;-85.081451416015625;-91.2600860595703125
1420397007.9919946194;-83.62633514404296875;-87.82032012939453125
1420398006.9929935932;-83.54096221923828125;-89.73857879638671875
1420399005.9939925671;-84.0465087890625;-90.76558685302734375
1420400004.9949915409;-85.019073486328125;-88.59580230712890625
1420401003.9959905148;-86.20662689208984375;-86.20662689208984375
1420402002.9969894886;-86.60704803466796875;-86.60704803466796875
1420403001.9979884624;-84.9619903564453125;-84.9619903564453125
1420404000.9989874363;-80.76261138916015625;-80.76261138916015625
1420404999.9999864101;-76.73731231689453125;-76.73731231689453125
1420405999.000985384;-75.14022064208984375;-75.14022064208984375
1420406998.0019843578;-75.44019317626953125;-75.44019317626953125
1420407997.0029833317;-79.8483123779296875;-85.1924591064453125
1420408996.0039823055;-88.774322509765625;-94.98165130615234375
1420409995.0049812794;-85.21205902099609375;-85.21205902099609375
1420410994.0059802532;-85.14278411865234375;-89.65079498291015625
1420411993.0069792271;-86.62326812744140625;-90.93773651123046875
1420412992.0079782009;-86.93213653564453125;-91.76944732666015625
1420413991.0089771748;-89.2867431640625;-93.8204803466796875
1420414990.0099761486;-89.34806060791015625;-96.21039581298828125
1420415989.0109751225;-88.57956695556640625;-96.20612335205078125
1420416988.0119740963;-88.87458038330078125;-97.19474029541015625
1420417987.0129730701;-89.84180450439453125;-97.34479522705078125
1420418986.013972044;-88.38077545166015625;-97.679168701171875
1420419985.0149710178;-87.38162994384765625;-90.6178131103515625
1420420984.0159699917;-85.920318603515625;-99.599761962890625
1420421983.0169689655;-85.44464874267578125;-106.05788421630859375
1420422982.0179679394;-85.4931488037109375;-93.304931640625
1420423981.0189669132;-85.37146759033203125;-88.54285430908203125
1420424980.0199658871;-85.40930938720703125;-95.32233428955078125
1420425979.0209648609;-85.1529998779296875;-90.65290069580078125
1420426978.0219638348;-84.46743011474609375;-88.94318389892578125
1420427977.0229628086;-84.49370574951171875;-98.76329803466796875
1420428976.0239617825;-85.21930694580078125;-93.52568817138671875
1420429975.0249607563;-86.07570648193359375;-90.79969024658203125
1420430974.0259597301;-86.32830047607421875;-90.8700408935546875
1420431973.026958704;-87.68341827392578125;-91.3345947265625
1420432972.0279576778;-87.373504638671875;-92.4881591796875
1420433971.0289566517;-86.42314910888671875;-92.90334320068359375
1420434970.0299556255;-86.9249114990234375;-93.59822845458984375
1420435969.0309545994;-90.18148040771484375;-94.3631591796875
1420436968.0319535732;-88.56876373291015625;-100.4030303955078125
1420437967.0329525471;-87.08892822265625;-95.816680908203125
1420438966.0339515209;-87.27838897705078125;-94.76538848876953125
1420439965.0349504948;-90.224609375;-94.58998870849609375
1420440964.0359494686;-89.14975738525390625;-98.82837677001953125
1420441963.0369484425;-89.03275299072265625;-97.4744720458984375
1420442962.0379474163;-90.52960205078125;-95.14691162109375
1420443961.0389463902;-91.38226318359375;-94.845123291015625
1420444960.039945364;-91.23009490966796875;-95.34493255615234375
1420445959.0409443378;-91.4745025634765625;-95.3508758544921875
1420446958.0419433117;-89.151824951171875;-94.961029052734375
1420447957.0429422855;-85.6456756591796875;-85.6456756591796875
1420448956.0439412594;-54.840236663818359375;-73.9462127685546875
1420449955.0449402332;-35.37579345703125;-47.4516143798828125
1420450954.0459392071;-22.038438796997070313;-30.382757186889648438
1420451953.0469381809;-12.864288330078125;-18.573827743530273438
1420452952.0479371548;-6.9842858314514160156;-6.9842858314514160156
1420453951.0489361286;-3.9709088802337646484;-3.9709088802337646484
1420454950.0499351025;-3.4534587860107421875;-3.4534587860107421875
1420455949.0509340763;-4.1087245941162109375;-4.1087245941162109375
1420456948.0519330502;-7.3369703292846679688;-7.3369703292846679688
1420457947.052932024;-13.457820892333984375;-19.353765487670898438
1420458946.0539309978;-22.923734664916992188;-31.512643814086914063
1420459945.0549299717;-36.6518707275390625;-49.097003936767578125
1420460944.0559289455;-56.746524810791015625;-76.52385711669921875
1420461943.0569279194;-87.0095062255859375;-99.74195098876953125
1420462942.0579268932;-84.80800628662109375;-94.7105255126953125
1420463941.0589258671;-82.60113525390625;-90.85118865966796875
1420464940.0599248409;-81.822174072265625;-90.50550079345703125
1420465939.0609238148;-81.86035919189453125;-87.9653778076171875
1420466938.0619227886;-83.02362823486328125;-84.7454376220703125
1420467937.0629217625;-82.981719970703125;-88.47673797607421875
1420468936.0639207363;-83.795928955078125;-93.2962799072265625
1420469935.0649197102;-86.80242156982421875;-97.5488433837890625
1420470934.065918684;-88.787872314453125;-100.2127532958984375
1420471933.0669176579;-89.42188262939453125;-95.79724884033203125
1420472932.0679166317;-89.3108367919921875;-90.75246429443359375
1420473931.0689156055;-89.647674560546875;-93.13806915283203125
1420474930.0699145794;-90.5845947265625;-98.506195068359375
1420475929.0709135532;-86.335601806640625;-89.6036224365234375
1420476928.0719125271;-84.84395599365234375;-89.62890625
1420477927.0729115009;-84.7313079833984375;-95.76189422607421875
1420478926.0739104748;-85.42827606201171875;-89.51839447021484375
1420479925.0749094486;-85.6894378662109375;-90.2911376953125
1420480924.0759084225;-85.92215728759765625;-93.73934173583984375
1420481923.0769073963;-87.770416259765625;-94.60784912109375
1420482922.0779063702;-91.2603759765625;-94.9290008544921875
1420483921.078905344;-90.82865142822265625;-100.23589324951171875
1420484920.0799043179;-90.591217041015625;-98.24109649658203125
1420485919.0809032917;-89.4785614013671875;-93.66680145263671875
1420486918.0819022655;-86.6011505126953125;-92.26319122314453125
1420487917.0829012394;-85.7867279052734375;-89.20754241943359375
1420488916.0839002132;-86.0732879638671875;-87.6445465087890625
1420489915.0848991871;-86.1389007568359375;-92.7708740234375
1420490914.0858981609;-85.72379302978515625;-96.78009796142578125
1420491913.0868971348;-85.97022247314453125;-102.92230987548828125
1420492912.0878961086;-87.68158721923828125;-91.88422393798828125
1420493911.0888950825;-88.752044677734375;-90.70630645751953125
1420494910.0898940563;-89.57219696044921875;-97.916473388671875
1420495909.0908930302;-92.62530517578125;-96.0649871826171875
1420496908.091892004;-89.28932952880859375;-96.94440460205078125
1420497907.0928909779;-88.89609527587890625;-96.21082305908203125
1420498906.0938899517;-90.34548187255859375;-95.10105133056640625
1420499905.0948889256;-87.79460906982421875;-91.85821533203125
1420500904.0958878994;-86.10301971435546875;-90.50206756591796875
1420501903.0968868732;-86.07210540771484375;-89.46964263916015625
1420502902.0978858471;-86.7450408935546875;-87.80985260009765625
1420503901.0988848209;-86.865814208984375;-90.24335479736328125
1420504900.0998837948;-84.3741912841796875;-90.24095916748046875
1420505899.1008827686;-83.81916046142578125;-85.3221435546875
1420506898.1018817425;-84.36296844482421875;-86.4173583984375
1420507897.1028807163;-86.9306640625;-94.59976959228515625
1420508896.1038796902;-86.02330780029296875;-91.6211395263671875
1420509895.104878664;-85.85565948486328125;-87.3103790283203125
1420510894.1058776379;-86.01047515869140625;-89.315277099609375
1420511893.1068766117;-86.63739776611328125;-91.13643646240234375
1420512892.1078755856;-86.21138763427734375;-88.58345794677734375
1420513891.1088745594;-84.65402984619140625;-86.22113800048828125
1420514890.1098735332;-84.5309295654296875;-87.007843017578125
1420515889.1108725071;-84.96448516845703125;-87.10771942138671875
1420516888.1118714809;-85.25293731689453125;-86.36231231689453125
1420517887.1128704548;-83.20691680908203125;-85.39581298828125
1420518886.1138694286;-83.00447845458984375;-84.20421600341796875
1420519885.1148684025;-82.39951324462890625;-86.55908203125
1420520884.1158673763;-82.47856903076171875;-90.9109344482421875
1420521883.1168663502;-83.6438140869140625;-89.599090576171875
1420522882.117865324;-85.389190673828125;-94.88855743408203125
1420523881.1188642979;-85.4491729736328125;-90.96833038330078125
1420524880.1198632717;-85.33875274658203125;-91.2801055908203125
1420525879.1208622456;-85.7856292724609375;-88.33673095703125
1420526878.1218612194;-86.8194732666015625;-92.5940399169921875
1420527877.1228601933;-89.87424468994140625;-102.39327239990234375
1420528876.1238591671;-87.5318450927734375;-96.418121337890625
1420529875.1248581409;-87.28583526611328125;-94.6177215576171875
1420530874.1258571148;-88.41066741943359375;-97.41649627685546875
1420531873.1268560886;-84.57917022705078125;-91.32691192626953125
1420532872.1278550625;-82.9008941650390625;-88.5112457275390625
1420533871.1288540363;-82.98055267333984375;-95.3740692138671875
1420534870.1298530102;-85.62529754638671875;-97.85459136962890625
1420535869.130851984;-90.109100341796875;-107.15952301025390625
1420536868.1318509579;-87.313018798828125;-91.7188262939453125
1420537867.1328499317;-87.53694915771484375;-93.5880279541015625
1420538866.1338489056;-84.90904998779296875;-93.51294708251953125
1420539865.1348478794;-83.708160400390625;-93.8317108154296875
1420540864.1358468533;-83.7719879150390625;-91.62725067138671875
1420541863.1368458271;-84.97580718994140625;-89.47635650634765625
1420542862.1378448009;-86.57250213623046875;-88.290618896484375
1420543861.1388437748;-86.06402587890625;-89.2667999267578125
1420544860.1398427486;-84.50229644775390625;-91.2998199462890625
1420545859.1408417225;-83.75928497314453125;-89.42282867431640625
1420546858.1418406963;-83.813751220703125;-87.578460693359375
1420547857.1428396702;-84.6893768310546875;-88.7268524169921875
1420548856.143838644;-85.88211822509765625;-91.06354522705078125
1420549855.1448376179;-86.5598602294921875;-94.00746917724609375
1420550854.1458365917;-86.30797576904296875;-93.67046356201171875
1420551853.1468355656;-84.77300262451171875;-88.16562652587890625
1420552852.1478345394;-80.98674774169921875;-87.276763916015625
1420553851.1488335133;-78.93383026123046875;-85.2603607177734375
1420554850.1498324871;-78.724395751953125;-82.64540863037109375
1420555849.150831461;-79.728363037109375;-85.35634613037109375
1420556848.1518304348;-83.06113433837890625;-92.34139251708984375
1420557847.1528294086;-86.77957916259765625;-99.38446044921875
1420558846.1538283825;-87.9847564697265625;-93.19626617431640625
1420559845.1548273563;-85.856781005859375;-102.41951751708984375
1420560844.1558263302;-84.457489013671875;-91.00905609130859375
1420561843.156825304;-83.42535400390625;-85.3909454345703125
1420562842.1578242779;-83.26944732666015625;-87.69683074951171875
1420563841.1588232517;-84.48261260986328125;-90.62591552734375
1420564840.1598222256;-88.67888641357421875;-94.37993621826171875
1420565839.1608211994;-92.0527801513671875;-94.13840484619140625
1420566838.1618201733;-90.32621002197265625;-96.210296630859375
1420567837.1628191471;-88.49687957763671875;-94.2054443359375
1420568836.163818121;-86.965789794921875;-88.93902587890625
1420569835.1648170948;-86.947540283203125;-92.2035369873046875
1420570834.1658160686;-88.2101898193359375;-92.273895263671875
1420571833.1668150425;-86.97308349609375;-92.12613677978515625
1420572832.1678140163;-87.05536651611328125;-96.38818359375
1420573831.1688129902;-90.026458740234375;-105.20781707763671875
1420574830.169811964;-90.32964324951171875;-97.564483642578125
1420575829.1708109379;-86.57794952392578125;-104.0218658447265625
1420576828.1718099117;-86.06784820556640625;-95.69573211669921875
1420577827.1728088856;-87.0755462646484375;-93.328033447265625
1420578826.1738078594;-90.94268798828125;-99.48123931884765625
1420579825.1748068333;-90.4520111083984375;-100.05783843994140625
1420580824.1758058071;-87.90427398681640625;-91.19769287109375
1420581823.176804781;-85.7077178955078125;-91.8609619140625
1420582822.1778037548;-85.27999114990234375;-93.4888763427734375
1420583821.1788027287;-85.61173248291015625;-98.90795135498046875
1420584820.1798017025;-87.33216094970703125;-95.66037750244140625
1420585819.1808006763;-88.3691253662109375;-90.2836151123046875
1420586818.1817996502;-88.99861907958984375;-90.7128143310546875
1420587817.182798624;-91.00762939453125;-93.44031524658203125
1420588816.1837975979;-89.0404510498046875;-94.032135009765625
1420589815.1847965717;-88.43418121337890625;-91.47956085205078125
1420590814.1857955456;-86.74593353271484375;-89.49585723876953125
1420591813.1867945194;-85.06514739990234375;-87.39302825927734375
1420592812.1877934933;-83.02774810791015625;-88.66304779052734375
1420593811.1887924671;-82.65131378173828125;-91.86609649658203125
1420594810.189791441;-83.00836181640625;-91.20989227294921875
1420595809.1907904148;-85.487579345703125;-90.25006866455078125
1420596808.1917893887;-85.58062744140625;-96.89911651611328125
1420597807.1927883625;-86.10143280029296875;-90.4256439208984375
1420598806.1937873363;-87.681610107421875;-91.06134033203125
1420599805.1947863102;-86.7421722412109375;-93.93666839599609375
1420600804.195785284;-87.10375213623046875;-93.71109771728515625
1420601803.1967842579;-90.5959625244140625;-96.04402923583984375
1420602802.1977832317;-91.370330810546875;-98.50908660888671875
1420603801.1987822056;-93.7616729736328125;-99.47177886962890625
1420604800.1997811794;-94.36530303955078125;-98.0601806640625
1420605799.2007801533;-89.4122772216796875;-93.2136688232421875
1420606798.2017791271;-87.06038665771484375;-90.0069122314453125
1420607797.202778101;-86.61817169189453125;-89.2405242919921875
1420608796.2037770748;-86.935760498046875;-90.93856048583984375
1420609795.2047760487;-88.13483428955078125;-92.0662689208984375
1420610794.2057750225;-87.1556854248046875;-91.99803924560546875
1420611793.2067739964;-86.5425262451171875;-90.99979400634765625
1420612792.2077729702;-86.70318603515625;-91.06676483154296875
1420613791.208771944;-88.3369903564453125;-92.57695770263671875
1420614790.2097709179;-91.0487060546875;-92.3696441650390625
1420615789.2107698917;-90.32534027099609375;-92.70232391357421875
1420616788.2117688656;-87.5720367431640625;-92.4600830078125
1420617787.2127678394;-86.79638671875;-93.315216064453125
1420618786.2137668133;-86.82976531982421875;-97.89162445068359375
1420619785.2147657871;-86.00263214111328125;-95.657745361328125
1420620784.215764761;-85.1844329833984375;-92.51374053955078125
1420621783.2167637348;-85.0768585205078125;-91.810821533203125
1420622782.2177627087;-85.7050323486328125;-89.406951904296875
1420623781.2187616825;-85.5916290283203125;-87.93286895751953125
1420624780.2197606564;-85.2755126953125;-86.38283538818359375
1420625779.2207596302;-84.4786224365234375;-88.3132476806640625
1420626778.221758604;-84.1410064697265625;-92.18239593505859375
1420627777.2227575779;-84.25087738037109375;-90.01612091064453125
1420628776.2237565517;-85.975189208984375;-94.05791473388671875
1420629775.2247555256;-90.34145355224609375;-95.4942169189453125
1420630774.2257544994;-85.25823974609375;-89.87298583984375
1420631773.2267534733;-83.7144012451171875;-89.67482757568359375
1420632772.2277524471;-83.6901702880859375;-89.07059478759765625
1420633771.228751421;-84.88504791259765625;-87.2987823486328125
1420634770.2297503948;-86.3633575439453125;-90.83380889892578125
1420635769.2307493687;-86.91994476318359375;-92.796539306640625
1420636768.2317483425;-86.40752410888671875;-97.99973297119140625
1420637767.2327473164;-86.27809906005859375;-103.14417266845703125
1420638766.2337462902;-86.98239898681640625;-93.61112213134765625
1420639765.2347452641;-89.32759857177734375;-91.41359710693359375
1420640764.2357442379;-92.02466583251953125;-94.17470550537109375
1420641763.2367432117;-93.9191131591796875;-99.251007080078125
1420642762.2377421856;-94.429473876953125;-99.19025421142578125
1420643761.2387411594;-90.7749786376953125;-95.81137847900390625
1420644760.2397401333;-89.18941497802734375;-96.1306610107421875
1420645759.2407391071;-89.00341796875;-93.4945068359375
1420646758.241738081;-89.7907562255859375;-91.77530670166015625
1420647757.2427370548;-87.45949554443359375;-92.261322021484375
1420648756.2437360287;-85.6380767822265625;-92.08190155029296875
1420649755.2447350025;-85.44654083251953125;-90.46797943115234375
1420650754.2457339764;-85.838226318359375;-89.48735809326171875
1420651753.2467329502;-87.52333831787109375;-91.24192047119140625
1420652752.2477319241;-90.3129730224609375;-93.4165496826171875
1420653751.2487308979;-92.90478515625;-98.040435791015625
1420654750.2497298717;-93.0212860107421875;-103.02750396728515625
1420655749.2507288456;-87.586578369140625;-93.52246856689453125
1420656748.2517278194;-84.49413299560546875;-93.23067474365234375
1420657747.2527267933;-83.2628173828125;-91.618438720703125
1420658746.2537257671;-83.2469329833984375;-88.9821319580078125
1420659745.254724741;-84.51891326904296875;-86.58353424072265625
1420660744.2557237148;-84.30953216552734375;-91.45427703857421875
1420661743.2567226887;-84.13822174072265625;-99.87931060791015625
1420662742.2577216625;-84.158172607421875;-93.75916290283203125
1420663741.2587206364;-84.3259124755859375;-94.37256622314453125
1420664740.2597196102;-84.94535064697265625;-99.0775299072265625
1420665739.2607185841;-86.305908203125;-100.5000457763671875
1420666738.2617175579;-87.822235107421875;-100.4558258056640625
1420667737.2627165318;-87.375701904296875;-99.11952972412109375
1420668736.2637155056;-85.6531829833984375;-95.272003173828125
1420669735.2647144794;-84.98014068603515625;-92.9033355712890625
1420670734.2657134533;-85.17229461669921875;-94.0332794189453125
1420671733.2667124271;-87.18238067626953125;-105.41454315185546875
1420672732.267711401;-89.65279388427734375;-97.35732269287109375
1420673731.2687103748;-86.451934814453125;-93.63470458984375
1420674730.2697093487;-86.1617889404296875;-89.91417694091796875
1420675729.2707083225;-87.201995849609375;-93.02581024169921875
1420676728.2717072964;-91.29627227783203125;-94.597747802734375
1420677727.2727062702;-94.1548004150390625;-95.97505950927734375
1420678726.2737052441;-93.1360931396484375;-96.8564910888671875
1420679725.2747042179;-89.60639190673828125;-95.8926544189453125
1420680724.2757031918;-89.38898468017578125;-93.27449798583984375
1420681723.2767021656;-91.959869384765625;-98.88980865478515625
1420682722.2777011395;-88.21840667724609375;-93.27820587158203125
1420683721.2787001133;-85.0575103759765625;-92.72556304931640625
1420684720.2796990871;-83.23246002197265625;-95.51866912841796875
1420685719.280698061;-82.56256866455078125;-92.42665863037109375
1420686718.2816970348;-82.583953857421875;-87.64665985107421875
1420687717.2826960087;-83.32463836669921875;-90.2580718994140625
1420688716.2836949825;-85.478118896484375;-91.87088775634765625
1420689715.2846939564;-90.18682098388671875;-97.145477294921875
1420690714.2856929302;-87.78977203369140625;-89.52504730224609375
1420691713.2866919041;-87.58811187744140625;-88.9251556396484375
1420692712.2876908779;-88.553741455078125;-91.70496368408203125
1420693711.2886898518;-90.8559722900390625;-97.92433929443359375
1420694710.2896888256;-92.4228515625;-108.7559051513671875
1420695709.2906877995;-87.499237060546875;-93.0932464599609375
1420696708.2916867733;-84.63558197021484375;-92.4321746826171875
1420697707.2926857471;-84.339324951171875;-92.840057373046875
1420698706.293684721;-85.4784088134765625;-89.97196197509765625
1420699705.2946836948;-86.44278717041015625;-90.82320404052734375
1420700704.2956826687;-85.39635467529296875;-91.16741943359375
1420701703.2966816425;-85.50543212890625;-86.8890838623046875
1420702702.2976806164;-85.93206787109375;-86.5495758056640625
1420703701.2986795902;-85.72046661376953125;-88.4449920654296875
1420704700.2996785641;-85.56385040283203125;-92.844146728515625
1420705699.3006775379;-86.30377960205078125;-94.2978973388671875
1420706698.3016765118;-88.70438385009765625;-92.29608154296875
1420707697.3026754856;-91.112335205078125;-93.2264251708984375
1420708696.3036744595;-91.85073089599609375;-92.982147216796875
1420709695.3046734333;-91.83672332763671875;-92.6483306884765625
1420710694.3056724072;-91.207977294921875;-92.41466522216796875
1420711693.306671381;-89.28924560546875;-92.1063385009765625
1420712692.3076703548;-88.6024322509765625;-90.1003875732421875
1420713691.3086693287;-88.1091156005859375;-88.7497100830078125
1420714690.3096683025;-87.7944793701171875;-91.37420654296875
1420715689.3106672764;-87.81185150146484375;-93.98322296142578125
1420716688.3116662502;-87.69924163818359375;-92.93238067626953125
1420717687.3126652241;-87.0203704833984375;-94.781707763671875
1420718686.3136641979;-86.839111328125;-99.62480926513671875
1420719685.3146631718;-87.54875946044921875;-92.63736724853515625
1420720684.3156621456;-90.492095947265625;-106.54624176025390625
1420721683.3166611195;-91.34165191650390625;-96.8963470458984375
1420722682.3176600933;-87.8187713623046875;-95.7152862548828125
1420723681.3186590672;-85.9580841064453125;-95.182586669921875
1420724680.319658041;-85.16442108154296875;-93.7372589111328125
1420725679.3206570148;-85.38155364990234375;-92.82523345947265625
1420726678.3216559887;-87.34348297119140625;-92.15618896484375
1420727677.3226549625;-85.4689178466796875;-101.01549530029296875
1420728676.3236539364;-84.76851654052734375;-97.57946014404296875
1420729675.3246529102;-84.90756988525390625;-91.0636444091796875
1420730674.3256518841;-86.97994232177734375;-90.154388427734375
1420731673.3266508579;-91.35721588134765625;-96.11077117919921875
1420732672.3276498318;-85.670654296875;-95.924407958984375
1420733671.3286488056;-83.34857940673828125;-91.763916015625
1420734670.3296477795;-82.425506591796875;-88.790679931640625
1420735669.3306467533;-82.368988037109375;-87.18994140625
1420736668.3316457272;-83.1933746337890625;-87.61411285400390625
1420737667.332644701;-85.81606292724609375;-88.46230316162109375
1420738666.3336436749;-88.34122467041015625;-89.08834075927734375
1420739665.3346426487;-88.80606842041015625;-90.029052734375
1420740664.3356416225;-87.45760345458984375;-91.41329193115234375
1420741663.3366405964;-86.885406494140625;-92.65818023681640625
1420742662.3376395702;-87.1476287841796875;-92.60462188720703125
1420743661.3386385441;-90.01963043212890625;-92.64443206787109375
1420744660.3396375179;-90.3583526611328125;-92.0159454345703125
1420745659.3406364918;-87.8801727294921875;-91.87439727783203125
1420746658.3416354656;-86.76214599609375;-91.43920135498046875
1420747657.3426344395;-86.24376678466796875;-88.251434326171875
1420748656.3436334133;-84.36907196044921875;-88.42266082763671875
1420749655.3446323872;-83.61016845703125;-88.46552276611328125
1420750654.345631361;-83.55146026611328125;-87.6348724365234375
1420751653.3466303349;-83.93091583251953125;-88.29730224609375
1420752652.3476293087;-85.3676605224609375;-89.3568267822265625
1420753651.3486282825;-89.47122955322265625;-94.070648193359375
1420754650.3496272564;-86.36469268798828125;-96.103668212890625
1420755649.3506262302;-85.2913970947265625;-90.02984619140625
1420756648.3516252041;-85.446441650390625;-86.72324371337890625
1420757647.3526241779;-86.84801483154296875;-90.085357666015625
1420758646.3536231518;-89.30164337158203125;-99.37975311279296875
1420759645.3546221256;-92.4037017822265625;-101.2136688232421875
1420760644.3556210995;-94.13330841064453125;-98.234344482421875
1420761643.3566200733;-92.04703521728515625;-102.08455657958984375
1420762642.3576190472;-88.26029205322265625;-98.230072021484375
1420763641.358618021;-86.0349578857421875;-93.13543701171875
1420764640.3596169949;-85.66909027099609375;-93.85002899169921875
1420765639.3606159687;-86.26421356201171875;-101.022003173828125
1420766638.3616149426;-87.7053680419921875;-98.19916534423828125
1420767637.3626139164;-87.47934722900390625;-95.76900482177734375
1420768636.3636128902;-88.12485504150390625;-93.07010650634765625
1420769635.3646118641;-87.27092742919921875;-90.5632171630859375
1420770634.3656108379;-86.25308990478515625;-89.80806732177734375
1420771633.3666098118;-86.6258392333984375;-90.9273681640625
1420772632.3676087856;-90.51285552978515625;-99.3950653076171875
1420773631.3686077595;-85.79170989990234375;-90.61443328857421875
1420774630.3696067333;-84.9945068359375;-87.98477935791015625
1420775629.3706057072;-85.94140625;-89.5373077392578125
1420776628.371604681;-89.72437286376953125;-92.27548980712890625
1420777627.3726036549;-89.235076904296875;-92.38874053955078125
1420778626.3736026287;-88.97551727294921875;-97.42061614990234375
1420779625.3746016026;-89.02487945556640625;-99.3748931884765625
1420780624.3756005764;-89.72283935546875;-95.856170654296875
1420781623.3765995502;-90.17139434814453125;-90.9097442626953125
1420782622.3775985241;-89.6927032470703125;-92.28070068359375
1420783621.3785974979;-89.569183349609375;-97.7217864990234375
1420784620.3795964718;-90.29727935791015625;-97.1602325439453125
1420785619.3805954456;-90.9570159912109375;-92.79392242431640625
1420786618.3815944195;-91.09484100341796875;-92.09894561767578125
1420787617.3825933933;-92.159088134765625;-96.02935028076171875
1420788616.3835923672;-92.88861846923828125;-109.3784942626953125
1420789615.384591341;-90.65564727783203125;-100.09867095947265625
1420790614.3855903149;-90.09984588623046875;-93.99565887451171875
1420791613.3865892887;-90.1450347900390625;-91.3203125
1420792612.3875882626;-90.67529296875;-91.64173126220703125
1420793611.3885872364;-90.3428955078125;-93.92218017578125
1420794610.3895862103;-89.70597076416015625;-99.09467315673828125
1420795609.3905851841;-89.60462188720703125;-92.75418853759765625
1420796608.3915841579;-89.255218505859375;-90.43694305419921875
1420797607.3925831318;-87.27600860595703125;-92.41822052001953125
1420798606.3935821056;-86.1934661865234375;-93.28340911865234375
1420799605.3945810795;-85.8560333251953125;-90.842437744140625
1420800604.3955800533;-85.04718780517578125;-90.45232391357421875
1420801603.3965790272;-83.87201690673828125;-91.2002105712890625
1420802602.397578001;-83.2963714599609375;-91.11589813232421875
1420803601.3985769749;-83.33879852294921875;-96.06240081787109375
1420804600.3995759487;-84.205169677734375;-97.72232818603515625
1420805599.4005749226;-85.705841064453125;-93.32407379150390625
1420806598.4015738964;-86.90123748779296875;-88.65929412841796875
1420807597.4025728703;-87.271026611328125;-89.5070648193359375
1420808596.4035718441;-88.826629638671875;-94.841644287109375
1420809595.4045708179;-91.73326873779296875;-96.4942474365234375
1420810594.4055697918;-89.8780975341796875;-92.29331207275390625
1420811593.4065687656;-89.8831939697265625;-91.3414154052734375
1420812592.4075677395;-91.4068450927734375;-95.17699432373046875
1420813591.4085667133;-89.88619232177734375;-103.5867767333984375
1420814590.4095656872;-88.4216766357421875;-96.64992523193359375
1420815589.410564661;-88.0383148193359375;-92.6587677001953125
1420816588.4115636349;-88.1820831298828125;-91.3270416259765625
1420817587.4125626087;-89.17684173583984375;-91.89466094970703125
1420818586.4135615826;-89.94635772705078125;-93.39174652099609375
1420819585.4145605564;-90.64368438720703125;-92.62418365478515625
1420820584.4155595303;-90.81618499755859375;-93.326904296875
1420821583.4165585041;-88.83757781982421875;-90.64543914794921875
1420822582.417557478;-88.80733489990234375;-90.49346160888671875
1420823581.4185564518;-89.73790740966796875;-94.96349334716796875
1420824580.4195554256;-89.09410858154296875;-90.902008056640625
1420825579.4205543995;-88.37160491943359375;-89.455535888671875
1420826578.4215533733;-87.84468841552734375;-88.57552337646484375
1420827577.4225523472;-87.819061279296875;-90.68560028076171875
1420828576.423551321;-88.65090179443359375;-91.9285888671875
1420829575.4245502949;-88.367889404296875;-89.702911376953125
1420830574.4255492687;-88.1092376708984375;-88.53217315673828125
1420831573.4265482426;-88.413482666015625;-90.2663726806640625
1420832572.4275472164;-90.1023406982421875;-95.60250091552734375
1420833571.4285461903;-89.5898895263671875;-91.84511566162109375
1420834570.4295451641;-88.8802337646484375;-90.38809967041015625
1420835569.430544138;-86.8808746337890625;-91.18447113037109375
1420836568.4315431118;-86.57515716552734375;-90.870361328125
1420837567.4325420856;-87.22382354736328125;-90.2982940673828125
1420838566.4335410595;-88.02416229248046875;-93.97769927978515625
1420839565.4345400333;-87.01378631591796875;-93.97800445556640625
1420840564.4355390072;-87.0208282470703125;-101.48984527587890625
1420841563.436537981;-89.10782623291015625;-93.737213134765625
1420842562.4375369549;-89.043243408203125;-96.06280517578125
1420843561.4385359287;-90.563140869140625;-92.1463775634765625
1420844560.4395349026;-87.18859100341796875;-92.5055999755859375
1420845559.4405338764;-85.4979095458984375;-92.85327911376953125
1420846558.4415328503;-85.3677215576171875;-92.36031341552734375
1420847557.4425318241;-86.20751190185546875;-96.80902099609375
1420848556.443530798;-90.2839508056640625;-105.78250885009765625
1420849555.4445297718;-89.6015777587890625;-92.05559539794921875
1420850554.4455287457;-88.5389251708984375;-90.93100738525390625
1420851553.4465277195;-87.599884033203125;-90.75402069091796875
1420852552.4475266933;-88.31270599365234375;-97.78041839599609375
1420853551.4485256672;-89.7631683349609375;-102.1097259521484375
1420854550.449524641;-88.11289215087890625;-95.6951751708984375
1420855549.4505236149;-85.6308135986328125;-94.81592559814453125
1420856548.4515225887;-84.46112060546875;-94.62835693359375
1420857547.4525215626;-84.52976226806640625;-90.84687042236328125
1420858546.4535205364;-86.14788818359375;-93.41829681396484375
1420859545.4545195103;-89.6761474609375;-94.95034027099609375
1420860544.4555184841;-90.2733306884765625;-93.62906646728515625
1420861543.456517458;-89.24752044677734375;-93.793487548828125
1420862542.4575164318;-88.62291717529296875;-96.7500457763671875
1420863541.4585154057;-88.23565673828125;-99.5582427978515625
1420864540.4595143795;-87.921417236328125;-101.3330078125
1420865539.4605133533;-87.85849761962890625;-106.4219512939453125
1420866538.4615123272;-88.089599609375;-94.00946044921875
1420867537.462511301;-88.6653900146484375;-89.92822265625
1420868536.4635102749;-87.78398895263671875;-90.09273529052734375
1420869535.4645092487;-87.6580657958984375;-90.92181396484375
1420870534.4655082226;-88.66400909423828125;-91.61640167236328125
1420871533.4665071964;-87.31510162353515625;-97.26717376708984375
1420872532.4675061703;-86.77750396728515625;-94.765167236328125
1420873531.4685051441;-86.93599700927734375;-92.88634490966796875
1420874530.469504118;-87.4212799072265625;-90.36224365234375
1420875529.4705030918;-86.6497650146484375;-89.586822509765625
1420876528.4715020657;-86.28253173828125;-90.325347900390625
1420877527.4725010395;-86.76589202880859375;-88.81526947021484375
1420878526.4735000134;-86.92472076416015625;-89.28464508056640625
1420879525.4744989872;-85.10666656494140625;-91.766021728515625
1420880524.475497961;-84.051116943359375;-93.54813385009765625
1420881523.4764969349;-83.97491455078125;-92.47895050048828125
1420882522.4774959087;-84.052642822265625;-89.6165008544921875
1420883521.4784948826;-83.540313720703125;-89.3090667724609375
1420884520.4794938564;-82.6764678955078125;-89.885528564453125
1420885519.4804928303;-82.1885223388671875;-89.46631622314453125
1420886518.4814918041;-82.22319793701171875;-89.36566925048828125
1420887517.482490778;-83.10538482666015625;-90.484527587890625
1420888516.4834897518;-85.52630615234375;-91.25969696044921875
1420889515.4844887257;-90.40505218505859375;-95.1774139404296875
1420890514.4854876995;-89.81695556640625;-95.99173736572265625
1420891513.4864866734;-88.29012298583984375;-91.710479736328125
1420892512.4874856472;-86.1082611083984375;-91.0052947998046875
1420893511.488484621;-85.94348907470703125;-94.32677459716796875
1420894510.4894835949;-86.914581298828125;-96.8650360107421875
1420895509.4904825687;-89.8489990234375;-93.900665283203125
1420896508.4914815426;-90.3370819091796875;-92.34037017822265625
1420897507.4924805164;-88.320709228515625;-92.72750091552734375
1420898506.4934794903;-88.56969451904296875;-92.8786773681640625
1420899505.4944784641;-92.2103424072265625;-94.50670623779296875
1420900504.495477438;-91.25775909423828125;-97.4296417236328125
1420901503.4964764118;-89.8398895263671875;-102.2651519775390625
1420902502.4974753857;-86.53980255126953125;-95.55551910400390625
1420903501.4984743595;-84.96678924560546875;-93.11341094970703125
1420904500.4994733334;-84.51587677001953125;-93.1114959716796875
