Type;FSVA3044;
Version;1.31;
Date;24.Mar 2026;
Mode;ANALYZER;
Preamplifier;OFF;
Transducer;OFF;
Center Freq;1420405000.000000;Hz
Freq Offset;0.000000;Hz
Start;1419905000.000000;Hz
Stop;1420905000.000000;Hz
Span;1000000.000000;Hz
Ref Level;20.000000;dBm
Level Offset;0.000000;dB
Rf Att;30.000000;dB
El Att;0.000000;dB
RBW;3000.000000;Hz
VBW;1000.000000;Hz
SWT;0.002100;s
Sweep Count;0;
Window;1;TOI
Ref Position;100.000000;%
Level Range;100.000000;dB
x-Axis;LIN;
y-Axis;LOG;
x-Unit;Hz;
y-Unit;dBm;
Trace;1;
Trace Mode;CLR/WRITE;
Detector;AUTOPEAK;
Values;1001;
1419905499.5004994869;-85.9837493896484375;-91.22873687744140625
1419906498.5014984608;-84.05989837646484375;-88.46244049072265625
1419907497.5024974346;-83.3519744873046875;-85.6862945556640625
1419908496.5034964085;-83.669921875;-85.9826812744140625
1419909495.5044953823;-84.7928009033203125;-92.424957275390625
1419910494.5054943562;-86.25798797607421875;-97.85033416748046875
1419911493.50649333;-83.7457427978515625;-93.845184326171875
1419912492.5074923038;-82.55835723876953125;-93.76665496826171875
1419913491.5084912777;-82.62342071533203125;-92.59766387939453125
1419914490.5094902515;-83.9481201171875;-91.9662322998046875
1419915489.5104892254;-87.3023223876953125;-97.0277862548828125
1419916488.5114881992;-90.4329376220703125;-95.39049530029296875
1419917487.5124871731;-86.94310760498046875;-94.4140777587890625
1419918486.5134861469;-86.44329071044921875;-93.22843170166015625
1419919485.5144851208;-86.7110595703125;-91.4239959716796875
1419920484.5154840946;-86.520477294921875;-90.07941436767578125
1419921483.5164830685;-84.3794097900390625;-90.96541595458984375
1419922482.5174820423;-83.06462860107421875;-96.3874053955078125
1419923481.5184810162;-83.05065155029296875;-95.56402587890625
1419924480.51947999;-84.4174346923828125;-90.25046539306640625
1419925479.5204789639;-85.28701019287109375;-90.03045654296875
1419926478.5214779377;-85.70243072509765625;-91.33263397216796875
1419927477.5224769115;-89.49688720703125;-93.6458282470703125
1419928476.5234758854;-89.18053436279296875;-93.35376739501953125
1419929475.5244748592;-86.51207733154296875;-90.22670745849609375
1419930474.5254738331;-85.5880584716796875;-93.92144012451171875
1419931473.5264728069;-85.88002777099609375;-96.009185791015625
1419932472.5274717808;-89.92331695556640625;-94.91253662109375
1419933471.5284707546;-88.82384490966796875;-90.95900726318359375
1419934470.5294697285;-88.77249908447265625;-90.61432647705078125
1419935469.5304687023;-88.78052520751953125;-91.01663970947265625
1419936468.5314676762;-86.6928253173828125;-91.21892547607421875
1419937467.53246665;-85.0551910400390625;-95.96648406982421875
1419938466.5334656239;-85.20656585693359375;-104.83339691162109375
1419939465.5344645977;-86.749267578125;-92.36611175537109375
1419940464.5354635715;-87.82277679443359375;-89.38147735595703125
1419941463.5364625454;-86.49550628662109375;-94.509124755859375
1419942462.5374615192;-86.14009857177734375;-100.22968292236328125
1419943461.5384604931;-85.9637451171875;-89.09521484375
1419944460.5394594669;-84.843902587890625;-88.40966033935546875
1419945459.5404584408;-85.43701934814453125;-92.60050201416015625
1419946458.5414574146;-89.06110382080078125;-94.59574127197265625
1419947457.5424563885;-83.6667327880859375;-90.14926910400390625
1419948456.5434553623;-81.754730224609375;-88.32427215576171875
1419949455.5444543362;-81.6243438720703125;-85.91988372802734375
1419950454.54545331;-82.63367462158203125;-84.629608154296875
1419951453.5464522839;-83.47167205810546875;-89.76464080810546875
1419952452.5474512577;-85.02780914306640625;-90.80092620849609375
1419953451.5484502316;-87.7646942138671875;-89.90673828125
1419954450.5494492054;-84.2906341552734375;-89.12461090087890625
1419955449.5504481792;-83.1684722900390625;-87.37303924560546875
1419956448.5514471531;-83.293212890625;-86.87537384033203125
1419957447.5524461269;-85.02555084228515625;-89.0269927978515625
1419958446.5534451008;-89.51866912841796875;-95.425018310546875
1419959445.5544440746;-94.1429443359375;-100.95638275146484375
1419960444.5554430485;-86.6983795166015625;-94.20149993896484375
1419961443.5564420223;-83.6790008544921875;-93.90085601806640625
1419962442.5574409962;-82.407318115234375;-96.4970550537109375
1419963441.55843997;-81.95813751220703125;-95.00293731689453125
1419964440.5594389439;-81.93572998046875;-96.8109130859375
1419965439.5604379177;-82.5943450927734375;-89.11048126220703125
1419966438.5614368916;-83.71251678466796875;-87.0091552734375
1419967437.5624358654;-83.75421905517578125;-88.19736480712890625
1419968436.5634348392;-85.755340576171875;-88.57202911376953125
1419969435.5644338131;-84.50720977783203125;-86.75634002685546875
1419970434.5654327869;-84.498077392578125;-87.04498291015625
1419971433.5664317608;-86.1981048583984375;-90.59964752197265625
1419972432.5674307346;-91.35292816162109375;-101.20288848876953125
1419973431.5684297085;-88.0681915283203125;-98.227203369140625
1419974430.5694286823;-85.65178680419921875;-91.30377960205078125
1419975429.5704276562;-85.1251068115234375;-91.41736602783203125
1419976428.57142663;-85.52074432373046875;-103.54323577880859375
1419977427.5724256039;-87.90979766845703125;-98.48343658447265625
1419978426.5734245777;-87.52539825439453125;-91.95212554931640625
1419979425.5744235516;-85.3579559326171875;-95.56735992431640625
1419980424.5754225254;-84.83518218994140625;-90.6565399169921875
1419981423.5764214993;-84.9481658935546875;-86.65876007080078125
1419982422.5774204731;-85.99123382568359375;-88.934844970703125
1419983421.5784194469;-88.262908935546875;-93.54004669189453125
1419984420.5794184208;-91.6429443359375;-100.25746917724609375
1419985419.5804173946;-91.65114593505859375;-97.3066253662109375
1419986418.5814163685;-89.6146240234375;-92.29291534423828125
1419987417.5824153423;-88.5017852783203125;-92.63376617431640625
1419988416.5834143162;-86.46770477294921875;-93.53884124755859375
1419989415.58441329;-86.2310791015625;-94.874237060546875
1419990414.5854122639;-87.107513427734375;-92.51824188232421875
1419991413.5864112377;-90.2346649169921875;-94.64636993408203125
1419992412.5874102116;-90.2571258544921875;-94.25724029541015625
1419993411.5884091854;-87.657806396484375;-94.41448974609375
1419994410.5894081593;-87.368560791015625;-96.72417449951171875
1419995409.5904071331;-88.3005828857421875;-92.83599853515625
1419996408.5914061069;-85.88238525390625;-89.14998626708984375
1419997407.5924050808;-84.8066253662109375;-88.9313507080078125
1419998406.5934040546;-84.73316192626953125;-89.64727783203125
1419999405.5944030285;-85.62641143798828125;-92.3482513427734375
1420000404.5954020023;-89.286895751953125;-99.007904052734375
1420001403.5964009762;-90.90666961669921875;-96.62363433837890625
1420002402.59739995;-87.24439239501953125;-91.63446044921875
1420003401.5983989239;-86.39002227783203125;-94.67623138427734375
1420004400.5993978977;-86.88222503662109375;-93.37835693359375
1420005399.6003968716;-88.6189727783203125;-92.739013671875
1420006398.6013958454;-89.39556121826171875;-94.94011688232421875
1420007397.6023948193;-85.97170257568359375;-98.19388580322265625
1420008396.6033937931;-84.43370819091796875;-88.1328582763671875
1420009395.604392767;-82.7269134521484375;-86.02899932861328125
1420010394.6053917408;-82.862701416015625;-88.71820068359375
1420011393.6063907146;-84.91780853271484375;-89.650146484375
1420012392.6073896885;-86.3850555419921875;-90.32586669921875
1420013391.6083886623;-86.3299560546875;-97.18070220947265625
1420014390.6093876362;-87.85985565185546875;-93.540924072265625
1420015389.61038661;-92.08248138427734375;-96.9889373779296875
1420016388.6113855839;-88.14905548095703125;-97.36722564697265625
1420017387.6123845577;-85.08402252197265625;-91.41678619384765625
1420018386.6133835316;-84.555389404296875;-86.952880859375
1420019385.6143825054;-85.20072174072265625;-86.96656036376953125
1420020384.6153814793;-85.60860443115234375;-88.18610382080078125
1420021383.6163804531;-84.4325103759765625;-94.676055908203125
1420022382.617379427;-84.9182586669921875;-92.2327728271484375
1420023381.6183784008;-87.2876129150390625;-92.02342987060546875
1420024380.6193773746;-85.64798736572265625;-87.257843017578125
1420025379.6203763485;-85.22147369384765625;-85.99983978271484375
1420026378.6213753223;-85.265625;-86.20285797119140625
1420027377.6223742962;-84.71141815185546875;-86.630218505859375
1420028376.62337327;-84.31658935546875;-86.57695770263671875
1420029375.6243722439;-84.4486083984375;-85.902496337890625
1420030374.6253712177;-84.457366943359375;-87.12259674072265625
1420031373.6263701916;-83.92220306396484375;-87.498260498046875
1420032372.6273691654;-83.95143890380859375;-87.02704620361328125
1420033371.6283681393;-85.44925689697265625;-89.11161041259765625
1420034370.6293671131;-85.97933197021484375;-92.49332427978515625
1420035369.630366087;-85.9674072265625;-88.82746124267578125
1420036368.6313650608;-86.1179962158203125;-91.8804168701171875
1420037367.6323640347;-88.1277008056640625;-93.83507537841796875
1420038366.6333630085;-92.44881439208984375;-95.17583465576171875
1420039365.6343619823;-88.0022735595703125;-94.316314697265625
1420040364.6353609562;-84.18817138671875;-91.9190216064453125
1420041363.63635993;-82.28966522216796875;-87.13794708251953125
1420042362.6373589039;-82.14935302734375;-85.7366485595703125
1420043361.6383578777;-83.13201904296875;-87.72979736328125
1420044360.6393568516;-85.854034423828125;-89.1616363525390625
1420045359.6403558254;-87.446258544921875;-92.604095458984375
1420046358.6413547993;-84.150848388671875;-87.39870452880859375
1420047357.6423537731;-83.278533935546875;-89.7607879638671875
1420048356.643352747;-83.3460540771484375;-96.41661834716796875
1420049355.6443517208;-84.0096282958984375;-98.645172119140625
1420050354.6453506947;-84.996063232421875;-89.18846893310546875
1420051353.6463496685;-83.1507415771484375;-88.52736663818359375
1420052352.6473486423;-83.6905975341796875;-88.0265655517578125
1420053351.6483476162;-83.1818389892578125;-88.20636749267578125
1420054350.64934659;-81.92723846435546875;-84.09319305419921875
1420055349.6503455639;-81.56055450439453125;-83.84079742431640625
1420056348.6513445377;-81.6295623779296875;-83.24777984619140625
1420057347.6523435116;-82.63372802734375;-84.6855010986328125
1420058346.6533424854;-85.08124542236328125;-90.4296417236328125
1420059345.6543414593;-84.667388916015625;-90.405792236328125
1420060344.6553404331;-81.98211669921875;-91.0314178466796875
1420061343.656339407;-81.00878143310546875;-91.16771697998046875
1420062342.6573383808;-80.99941253662109375;-91.33267974853515625
1420063341.6583373547;-81.86789703369140625;-92.05971527099609375
1420064340.6593363285;-83.00284576416015625;-92.1831512451171875
1420065339.6603353024;-81.9371490478515625;-90.0899810791015625
1420066338.6613342762;-81.660675048828125;-88.142333984375
1420067337.66233325;-81.87699127197265625;-87.04827117919921875
1420068336.6633322239;-82.73773193359375;-86.50637054443359375
1420069335.6643311977;-83.4048004150390625;-84.9363555908203125
1420070334.6653301716;-82.425079345703125;-84.87342071533203125
1420071333.6663291454;-82.5578155517578125;-86.78693389892578125
1420072332.6673281193;-85.6216278076171875;-88.01699066162109375
1420073331.6683270931;-83.44062042236328125;-85.8192596435546875
1420074330.669326067;-83.36275482177734375;-86.34860992431640625
1420075329.6703250408;-86.16587066650390625;-91.6688995361328125
1420076328.6713240147;-86.94073486328125;-94.5950775146484375
1420077327.6723229885;-87.744903564453125;-91.48064422607421875
1420078326.6733219624;-86.529815673828125;-89.6286773681640625
1420079325.6743209362;-86.28165435791015625;-92.5313262939453125
1420080324.67531991;-85.93910980224609375;-93.934967041015625
1420081323.6763188839;-86.16074371337890625;-93.22989654541015625
1420082322.6773178577;-85.55535125732421875;-89.37830352783203125
1420083321.6783168316;-82.37005615234375;-89.0030517578125
1420084320.6793158054;-82.0125732421875;-89.51317596435546875
1420085319.6803147793;-83.1258392333984375;-89.63169097900390625
1420086318.6813137531;-85.97241973876953125;-88.20706939697265625
1420087317.682312727;-84.9218902587890625;-89.1556396484375
1420088316.6833117008;-84.693084716796875;-87.9570159912109375
1420089315.6843106747;-84.8058013916015625;-91.92134857177734375
1420090314.6853096485;-85.7348175048828125;-91.01734161376953125
1420091313.6863086224;-85.5321502685546875;-89.0985260009765625
1420092312.6873075962;-85.090606689453125;-91.98828125
1420093311.6883065701;-85.6288604736328125;-91.83019256591796875
1420094310.6893055439;-87.7583770751953125;-89.08740234375
1420095309.6903045177;-87.106170654296875;-88.7160491943359375
1420096308.6913034916;-87.5683135986328125;-91.22176361083984375
1420097307.6923024654;-87.63956451416015625;-103.74048614501953125
1420098306.6933014393;-84.52034759521484375;-93.81462860107421875
1420099305.6943004131;-84.2893218994140625;-87.9944915771484375
1420100304.695299387;-85.0086822509765625;-89.443817138671875
1420101303.6962983608;-87.693939208984375;-90.3632049560546875
1420102302.6972973347;-89.79071807861328125;-93.340911865234375
1420103301.6982963085;-86.6456756591796875;-92.84268951416015625
1420104300.6992952824;-83.0754241943359375;-102.9724884033203125
1420105299.7002942562;-82.3589935302734375;-93.08489990234375
1420106298.7012932301;-82.5646209716796875;-88.95259857177734375
1420107297.7022922039;-84.13816070556640625;-86.3313140869140625
1420108296.7032911777;-84.353363037109375;-87.463836669921875
1420109295.7042901516;-84.7406005859375;-87.41684722900390625
1420110294.7052891254;-83.43718719482421875;-90.712860107421875
1420111293.7062880993;-82.86090087890625;-87.766021728515625
1420112292.7072870731;-83.52783966064453125;-87.23166656494140625
1420113291.708286047;-85.44460296630859375;-88.3414764404296875
1420114290.7092850208;-85.5967864990234375;-88.89122772216796875
1420115289.7102839947;-86.92754364013671875;-88.9616546630859375
1420116288.7112829685;-88.6717987060546875;-89.8814697265625
1420117287.7122819424;-87.51694488525390625;-92.3805084228515625
1420118286.7132809162;-85.48333740234375;-94.5789031982421875
1420119285.7142798901;-84.6377105712890625;-93.552703857421875
1420120284.7152788639;-84.5601654052734375;-89.64214324951171875
1420121283.7162778378;-84.85541534423828125;-87.08853912353515625
1420122282.7172768116;-85.00981903076171875;-87.2046966552734375
1420123281.7182757854;-84.8531341552734375;-88.97662353515625
1420124280.7192747593;-85.10764312744140625;-89.5565643310546875
1420125279.7202737331;-85.97003173828125;-88.80641937255859375
1420126278.721272707;-83.90377044677734375;-87.38860321044921875
1420127277.7222716808;-82.28256988525390625;-89.042236328125
1420128276.7232706547;-82.11547088623046875;-90.38671112060546875
1420129275.7242696285;-82.74555206298828125;-91.5760345458984375
1420130274.7252686024;-84.17562103271484375;-88.37677001953125
1420131273.7262675762;-83.97170257568359375;-84.56687164306640625
1420132272.7272665501;-84.16292572021484375;-85.52074432373046875
1420133271.7282655239;-84.34305572509765625;-90.19635772705078125
1420134270.7292644978;-86.23943328857421875;-94.6192779541015625
1420135269.7302634716;-91.8641815185546875;-110.1145782470703125
1420136268.7312624454;-89.43642425537109375;-96.89447784423828125
1420137267.7322614193;-87.3805389404296875;-89.7217864990234375
1420138266.7332603931;-84.63177490234375;-87.44141387939453125
1420139265.734259367;-84.04387664794921875;-88.767822265625
1420140264.7352583408;-84.29450225830078125;-92.41678619384765625
1420141263.7362573147;-85.1110382080078125;-88.0257415771484375
1420142262.7372562885;-83.99730682373046875;-92.82277679443359375
1420143261.7382552624;-84.27861785888671875;-96.43283843994140625
1420144260.7392542362;-86.98624420166015625;-90.049407958984375
1420145259.7402532101;-89.96486663818359375;-97.1735687255859375
1420146258.7412521839;-88.43292236328125;-97.31850433349609375
1420147257.7422511578;-86.4013519287109375;-91.78075408935546875
1420148256.7432501316;-88.9690704345703125;-88.9690704345703125
1420149255.7442491055;-84.94274139404296875;-84.94274139404296875
1420150254.7452480793;-84.2462005615234375;-84.2462005615234375
1420151253.7462470531;-84.5834808349609375;-84.5834808349609375
1420152252.747246027;-77.39592742919921875;-82.88623809814453125
1420153251.7482450008;-71.57688140869140625;-71.57688140869140625
1420154250.7492439747;-69.29393768310546875;-69.29393768310546875
1420155249.7502429485;-69.22437286376953125;-69.22437286376953125
1420156248.7512419224;-70.76807403564453125;-70.76807403564453125
1420157247.7522408962;-75.21939849853515625;-80.29206085205078125
1420158246.7532398701;-83.69612884521484375;-88.80057525634765625
1420159245.7542388439;-89.4155426025390625;-89.4155426025390625
1420160244.7552378178;-85.10587310791015625;-85.10587310791015625
1420161243.7562367916;-87.50823974609375;-92.37457275390625
1420162242.7572357655;-90.9904632568359375;-94.35321044921875
1420163241.7582347393;-87.13098907470703125;-93.11627960205078125
1420164240.7592337132;-83.24767303466796875;-96.320556640625
1420165239.760232687;-81.17766571044921875;-100.2257080078125
1420166238.7612316608;-80.615325927734375;-96.84490203857421875
1420167237.7622306347;-80.66909027099609375;-95.10031890869140625
1420168236.7632296085;-81.27577972412109375;-106.27439117431640625
1420169235.7642285824;-82.789642333984375;-93.45864105224609375
1420170234.7652275562;-85.36346435546875;-88.6666107177734375
1420171233.7662265301;-85.50899505615234375;-91.77999114990234375
1420172232.7672255039;-85.1659393310546875;-94.4478607177734375
1420173231.7682244778;-84.9156951904296875;-86.98267364501953125
1420174230.7692234516;-83.71285247802734375;-87.7713775634765625
1420175229.7702224255;-82.80225372314453125;-86.05179595947265625
1420176228.7712213993;-79.7310638427734375;-88.1037139892578125
1420177227.7722203732;-78.3328399658203125;-91.6393280029296875
1420178226.773219347;-78.0624847412109375;-91.06879425048828125
1420179225.7742183208;-78.18216705322265625;-89.15982818603515625
1420180224.7752172947;-78.8735198974609375;-87.4130706787109375
1420181223.7762162685;-79.9613494873046875;-86.742279052734375
1420182222.7772152424;-81.31020355224609375;-88.37357330322265625
1420183221.7782142162;-82.73101806640625;-93.21820068359375
1420184220.7792131901;-83.3608245849609375;-94.9017791748046875
1420185219.7802121639;-84.63687896728515625;-90.143646240234375
1420186218.7812111378;-85.3399810791015625;-93.495269775390625
1420187217.7822101116;-82.82036590576171875;-85.01126861572265625
1420188216.7832090855;-81.72015380859375;-83.1125640869140625
1420189215.7842080593;-80.98311614990234375;-82.26717376708984375
1420190214.7852070332;-81.22020721435546875;-82.67177581787109375
1420191213.786206007;-82.5980987548828125;-86.4791717529296875
1420192212.7872049809;-83.17414093017578125;-87.99001312255859375
1420193211.7882039547;-86.1700592041015625;-87.885345458984375
1420194210.7892029285;-83.753509521484375;-87.791259765625
1420195209.7902019024;-83.7169342041015625;-87.42122650146484375
1420196208.7912008762;-84.441253662109375;-86.17999267578125
1420197207.7921998501;-85.00991058349609375;-88.50797271728515625
1420198206.7931988239;-85.70842742919921875;-89.1588134765625
1420199205.7941977978;-84.07857513427734375;-88.946380615234375
1420200204.7951967716;-80.57711029052734375;-90.6479949951171875
1420201203.7961957455;-79.98978424072265625;-89.798675537109375
1420202202.7971947193;-80.5524444580078125;-89.68810272216796875
1420203201.7981936932;-83.42206573486328125;-87.3283538818359375
1420204200.799192667;-84.65822601318359375;-88.54392242431640625
1420205199.8001916409;-84.199432373046875;-89.2447967529296875
1420206198.8011906147;-84.3343353271484375;-88.95079803466796875
1420207197.8021895885;-85.6290740966796875;-90.73963165283203125
1420208196.8031885624;-86.83179473876953125;-91.104827880859375
1420209195.8041875362;-84.62612152099609375;-89.22359466552734375
1420210194.8051865101;-83.5572052001953125;-94.3852081298828125
1420211193.8061854839;-84.04364776611328125;-93.43950653076171875
1420212192.8071844578;-88.148101806640625;-95.555755615234375
1420213191.8081834316;-89.57391357421875;-97.31097412109375
1420214190.8091824055;-87.97011566162109375;-93.6180419921875
1420215189.8101813793;-86.391845703125;-88.93282318115234375
1420216188.8111803532;-84.579315185546875;-88.53296661376953125
1420217187.812179327;-83.70131683349609375;-87.91564178466796875
1420218186.8131783009;-83.75850677490234375;-85.7695465087890625
1420219185.8141772747;-84.426055908203125;-87.2842864990234375
1420220184.8151762486;-84.3604736328125;-93.1281890869140625
1420221183.8161752224;-84.42125701904296875;-99.46942901611328125
1420222182.8171741962;-84.7622528076171875;-95.32329559326171875
1420223181.8181731701;-85.75913238525390625;-95.489227294921875
1420224180.8191721439;-88.17803192138671875;-91.24074554443359375
1420225179.8201711178;-86.60422515869140625;-90.50658416748046875
1420226178.8211700916;-82.98514556884765625;-87.98502349853515625
1420227177.8221690655;-81.48453521728515625;-88.4007110595703125
1420228176.8231680393;-81.2542724609375;-87.312896728515625
1420229175.8241670132;-81.6086578369140625;-85.2113037109375
1420230174.825165987;-83.50322723388671875;-85.5589599609375
1420231173.8261649609;-85.29332733154296875;-87.57314300537109375
1420232172.8271639347;-86.1938934326171875;-90.28704833984375
1420233171.8281629086;-89.5731048583984375;-100.6416473388671875
1420234170.8291618824;-88.76992034912109375;-98.634521484375
1420235169.8301608562;-87.80046844482421875;-94.79282379150390625
1420236168.8311598301;-87.22878265380859375;-89.9089202880859375
1420237167.8321588039;-86.660400390625;-87.51146697998046875
1420238166.8331577778;-86.25798797607421875;-88.76270294189453125
1420239165.8341567516;-85.996063232421875;-91.1554718017578125
1420240164.8351557255;-85.54763031005859375;-89.0635223388671875
1420241163.8361546993;-85.2466888427734375;-86.34526824951171875
1420242162.8371536732;-84.52901458740234375;-85.69256591796875
1420243161.838152647;-82.4915008544921875;-84.3425140380859375
1420244160.8391516209;-82.340423583984375;-85.11748504638671875
1420245159.8401505947;-83.40821075439453125;-86.44190216064453125
1420246158.8411495686;-86.2066802978515625;-88.4738006591796875
1420247157.8421485424;-86.917205810546875;-90.18685150146484375
1420248156.8431475163;-86.6932525634765625;-89.98433685302734375
1420249155.8441464901;-85.64057159423828125;-87.7272796630859375
1420250154.8451454639;-80.1845245361328125;-89.75519561767578125
1420251153.8461444378;-67.75638580322265625;-75.476959228515625
1420252152.8471434116;-59.345592498779296875;-64.56400299072265625
1420253151.8481423855;-54.110668182373046875;-54.110668182373046875
1420254150.8491413593;-51.677215576171875;-51.677215576171875
1420255149.8501403332;-51.459758758544921875;-51.459758758544921875
1420256148.851139307;-52.579273223876953125;-52.579273223876953125
1420257147.8521382809;-56.447612762451171875;-56.447612762451171875
1420258146.8531372547;-63.384185791015625;-70.28229522705078125
1420259145.8541362286;-74.7862701416015625;-85.9373321533203125
1420260144.8551352024;-81.7528839111328125;-86.13607025146484375
1420261143.8561341763;-81.413360595703125;-84.94561004638671875
1420262142.8571331501;-82.43627166748046875;-84.00519561767578125
1420263141.8581321239;-82.61962127685546875;-87.51995086669921875
1420264140.8591310978;-83.164581298828125;-93.53121185302734375
1420265139.8601300716;-83.922332763671875;-93.84888458251953125
1420266138.8611290455;-83.4117431640625;-87.82395172119140625
1420267137.8621280193;-83.82384490966796875;-86.5946044921875
1420268136.8631269932;-83.78586578369140625;-88.3545379638671875
1420269135.864125967;-81.777984619140625;-89.9623870849609375
1420270134.8651249409;-82.04572296142578125;-92.524688720703125
1420271133.8661239147;-84.66194915771484375;-87.18434906005859375
1420272132.8671228886;-83.89478302001953125;-86.006927490234375
1420273131.8681218624;-84.092010498046875;-85.3731689453125
1420274130.8691208363;-83.52161407470703125;-86.91606903076171875
1420275129.8701198101;-82.90906524658203125;-86.766387939453125
1420276128.871118784;-82.98126220703125;-85.103912353515625
1420277127.8721177578;-83.9095001220703125;-84.7378692626953125
1420278126.8731167316;-84.36838531494140625;-85.514251708984375
1420279125.8741157055;-83.992034912109375;-89.34531402587890625
1420280124.8751146793;-82.11894989013671875;-89.11940765380859375
1420281123.8761136532;-80.67319488525390625;-87.94017791748046875
1420282122.877112627;-79.7541656494140625;-89.41651153564453125
1420283121.8781116009;-79.3382110595703125;-93.1998443603515625
1420284120.8791105747;-79.34705352783203125;-92.344390869140625
1420285119.8801095486;-79.98125457763671875;-87.81243133544921875
1420286118.8811085224;-81.57330322265625;-88.7346954345703125
1420287117.8821074963;-83.42536163330078125;-91.04888153076171875
1420288116.8831064701;-82.9172210693359375;-94.73824310302734375
1420289115.884105444;-81.49416351318359375;-98.5440826416015625
1420290114.8851044178;-80.71302032470703125;-89.7310333251953125
1420291113.8861033916;-80.74871063232421875;-84.34197998046875
1420292112.8871023655;-82.1971282958984375;-84.726593017578125
1420293111.8881013393;-83.73227691650390625;-90.85665130615234375
1420294110.8891003132;-86.00725555419921875;-91.11698150634765625
1420295109.890099287;-90.25292205810546875;-96.5672149658203125
1420296108.8910982609;-88.16181182861328125;-101.7883148193359375
1420297107.8920972347;-86.582611083984375;-96.581298828125
1420298106.8930962086;-86.50832366943359375;-92.6885528564453125
1420299105.8940951824;-87.86284637451171875;-93.90169525146484375
1420300104.8950941563;-85.44960784912109375;-89.73525238037109375
1420301103.8960931301;-84.24620819091796875;-87.57110595703125
1420302102.897092104;-84.64585113525390625;-87.355438232421875
1420303101.8980910778;-86.72274017333984375;-92.52239990234375
1420304100.8990900517;-83.16538238525390625;-90.20157623291015625
1420305099.9000890255;-79.64556121826171875;-90.09896087646484375
1420306098.9010879993;-79.399505615234375;-86.0938720703125
1420307097.9020869732;-81.1476593017578125;-85.01128387451171875
1420308096.903085947;-82.00616455078125;-93.10607147216796875
1420309095.9040849209;-81.41778564453125;-88.96392059326171875
1420310094.9050838947;-81.404022216796875;-87.929901123046875
1420311093.9060828686;-81.95127105712890625;-87.5370025634765625
1420312092.9070818424;-83.1609344482421875;-87.64704132080078125
1420313091.9080808163;-83.66364288330078125;-88.72850799560546875
1420314090.9090797901;-82.73614501953125;-90.43830108642578125
1420315089.910078764;-82.6474456787109375;-91.5188751220703125
1420316088.9110777378;-83.2327880859375;-92.40248870849609375
1420317087.9120767117;-85.1147308349609375;-92.3699798583984375
1420318086.9130756855;-87.7583770751953125;-95.16411590576171875
1420319085.9140746593;-86.8463134765625;-93.70522308349609375
1420320084.9150736332;-85.81334686279296875;-89.83925628662109375
1420321083.916072607;-85.122528076171875;-90.0671539306640625
1420322082.9170715809;-85.2486572265625;-90.09737396240234375
1420323081.9180705547;-86.1977081298828125;-88.99098968505859375
1420324080.9190695286;-86.91870880126953125;-89.30553436279296875
1420325079.9200685024;-87.51697540283203125;-90.92772674560546875
1420326078.9210674763;-83.572906494140625;-86.83231353759765625
1420327077.9220664501;-81.85689544677734375;-83.926116943359375
1420328076.923065424;-80.0711517333984375;-82.770965576171875
1420329075.9240643978;-79.9572296142578125;-83.79180145263671875
1420330074.9250633717;-81.1299896240234375;-84.56401824951171875
1420331073.9260623455;-82.02266693115234375;-85.28150177001953125
1420332072.9270613194;-81.71582794189453125;-85.52358245849609375
1420333071.9280602932;-81.66614532470703125;-83.176055908203125
1420334070.929059267;-81.90021514892578125;-84.5861358642578125
1420335069.9300582409;-83.02326202392578125;-86.7397003173828125
1420336068.9310572147;-84.00238800048828125;-85.38422393798828125
1420337067.9320561886;-83.15899658203125;-84.5953521728515625
1420338066.9330551624;-82.55657196044921875;-84.6336517333984375
1420339065.9340541363;-82.47251129150390625;-84.481781005859375
1420340064.9350531101;-82.44390106201171875;-84.10872650146484375
1420341063.936052084;-81.33615875244140625;-86.86269378662109375
1420342062.9370510578;-80.70011138916015625;-90.81006622314453125
1420343061.9380500317;-80.796905517578125;-91.66721343994140625
1420344060.9390490055;-82.3255767822265625;-91.99981689453125
1420345059.9400479794;-85.9480133056640625;-92.2421417236328125
1420346058.9410469532;-87.208465576171875;-88.947357177734375
1420347057.942045927;-85.38744354248046875;-87.95929718017578125
1420348056.9430449009;-77.51294708251953125;-88.35541534423828125
1420349055.9440438747;-46.55585479736328125;-64.7247161865234375
1420350054.9450428486;-27.825513839721679688;-39.4609527587890625
1420351053.9460418224;-14.9579620361328125;-23.007625579833984375
1420352052.9470407963;-6.1413445472717285156;-11.620574951171875
1420353051.9480397701;-0.56336045265197753906;-0.56336045265197753906
1420354050.949038744;2.1758267879486083984;2.1758267879486083984
1420355049.9500377178;2.5163526535034179688;2.5163526535034179688
1420356048.9510366917;1.6832712888717651367;1.6832712888717651367
1420357047.9520356655;-1.8242294788360595703;-1.8242294788360595703
1420358046.9530346394;-8.25635528564453125;-14.394387245178222656
1420359045.9540336132;-18.101861953735351563;-27.017477035522460938
1420360044.9550325871;-32.359836578369140625;-45.358417510986328125
1420361043.9560315609;-53.40189361572265625;-74.51551055908203125
1420362042.9570305347;-83.9454498291015625;-89.4207763671875
1420363041.9580295086;-82.07971954345703125;-84.70847320556640625
1420364040.9590284824;-80.76728057861328125;-81.66937255859375
1420365039.9600274563;-80.43155670166015625;-81.3513031005859375
1420366038.9610264301;-80.634796142578125;-84.65471649169921875
1420367037.962025404;-83.13580322265625;-90.8277435302734375
1420368036.9630243778;-89.1864166259765625;-94.2087249755859375
1420369035.9640233517;-88.521942138671875;-95.82198333740234375
1420370034.9650223255;-87.98107147216796875;-93.7820587158203125
1420371033.9660212994;-86.35727691650390625;-89.45696258544921875
1420372032.9670202732;-86.57498931884765625;-89.59850311279296875
1420373031.9680192471;-85.59647369384765625;-87.52999114990234375
1420374030.9690182209;-84.94073486328125;-86.2218170166015625
1420375029.9700171947;-85.53900146484375;-87.84051513671875
1420376028.9710161686;-87.98854827880859375;-90.83641815185546875
1420377027.9720151424;-89.81439208984375;-93.7834014892578125
1420378026.9730141163;-91.6285552978515625;-100.615447998046875
1420379025.9740130901;-88.97672271728515625;-102.11153411865234375
1420380024.975012064;-87.01079559326171875;-96.45672607421875
1420381023.9760110378;-86.896392822265625;-91.065948486328125
1420382022.9770100117;-86.506622314453125;-87.6943206787109375
1420383021.9780089855;-86.29326629638671875;-88.61773681640625
1420384020.9790079594;-83.09716796875;-90.58179473876953125
1420385019.9800069332;-81.890228271484375;-90.35939788818359375
1420386018.9810059071;-81.97028350830078125;-87.9445037841796875
1420387017.9820048809;-83.61721038818359375;-88.0750885009765625
1420388016.9830038548;-86.85260009765625;-91.03072357177734375
1420389015.9840028286;-86.01601409912109375;-100.2198944091796875
1420390014.9850018024;-84.9847869873046875;-98.20855712890625
1420391013.9860007763;-84.60446929931640625;-93.332183837890625
1420392012.9869997501;-84.69521331787109375;-93.12966156005859375
1420393011.987998724;-85.3479461669921875;-91.7440643310546875
1420394010.9889976978;-86.43196868896484375;-91.52215576171875
1420395009.9899966717;-87.29901885986328125;-93.073638916015625
1420396008.9909956455;-87.9294586181640625;-93.74565887451171875
1420397007.9919946194;-88.221923828125;-91.251312255859375
1420398006.9929935932;-86.8657073974609375;-86.8657073974609375
1420399005.9939925671;-93.53704833984375;-93.53704833984375
1420400004.9949915409;-88.0527191162109375;-88.0527191162109375
1420401003.9959905148;-84.02349853515625;-84.02349853515625
1420402002.9969894886;-83.315704345703125;-83.315704345703125
1420403001.9979884624;-78.929779052734375;-78.929779052734375
1420404000.9989874363;-74.54250335693359375;-74.54250335693359375
1420404999.9999864101;-71.7671356201171875;-71.7671356201171875
1420405999.000985384;-71.452301025390625;-71.452301025390625
1420406998.0019843578;-72.4639739990234375;-72.4639739990234375
1420407997.0029833317;-76.55828094482421875;-82.46808624267578125
1420408996.0039823055;-86.584564208984375;-94.46199798583984375
1420409995.0049812794;-94.78267669677734375;-94.78267669677734375
1420410994.0059802532;-85.9456787109375;-96.9051666259765625
1420411993.0069792271;-87.981964111328125;-97.62046051025390625
1420412992.0079782009;-85.73891448974609375;-96.0886688232421875
1420413991.0089771748;-85.72461700439453125;-95.0178375244140625
1420414990.0099761486;-87.988433837890625;-92.69768524169921875
1420415989.0109751225;-87.8283233642578125;-92.561004638671875
1420416988.0119740963;-87.79941558837890625;-92.1720428466796875
1420417987.0129730701;-88.8489227294921875;-91.2470245361328125
1420418986.013972044;-89.000823974609375;-90.13240814208984375
1420419985.0149710178;-87.6918487548828125;-92.01671600341796875
1420420984.0159699917;-87.4932708740234375;-96.54973602294921875
1420421983.0169689655;-88.6864776611328125;-94.45357513427734375
1420422982.0179679394;-84.0087890625;-86.76506805419921875
1420423981.0189669132;-82.33454132080078125;-84.719024658203125
1420424980.0199658871;-82.25390625;-86.10044097900390625
1420425979.0209648609;-83.25893402099609375;-90.87570953369140625
1420426978.0219638348;-85.38860321044921875;-95.42021942138671875
1420427977.0229628086;-87.78972625732421875;-93.14022064208984375
1420428976.0239617825;-90.5662841796875;-99.23760223388671875
1420429975.0249607563;-89.18853759765625;-98.09922027587890625
1420430974.0259597301;-87.04732513427734375;-94.85009002685546875
1420431973.026958704;-86.29571533203125;-88.97336578369140625
1420432972.0279576778;-85.99382781982421875;-86.8100128173828125
1420433971.0289566517;-85.10747528076171875;-88.6749114990234375
1420434970.0299556255;-83.4890899658203125;-90.59342193603515625
1420435969.0309545994;-83.07928466796875;-90.97505950927734375
1420436968.0319535732;-83.8986663818359375;-92.6460113525390625
1420437967.0329525471;-86.48723602294921875;-96.08472442626953125
1420438966.0339515209;-88.3278961181640625;-92.4812469482421875
1420439965.0349504948;-90.03191375732421875;-97.29540252685546875
1420440964.0359494686;-86.7472991943359375;-101.47873687744140625
1420441963.0369484425;-86.10947418212890625;-94.76122283935546875
1420442962.0379474163;-86.93987274169921875;-92.7603912353515625
1420443961.0389463902;-85.67113494873046875;-89.66205596923828125
1420444960.039945364;-84.74897003173828125;-87.95313262939453125
1420445959.0409443378;-85.0418853759765625;-89.98801422119140625
1420446958.0419433117;-86.834869384765625;-89.2300567626953125
1420447957.0429422855;-81.12415313720703125;-89.834503173828125
1420448956.0439412594;-48.836147308349609375;-67.87237548828125
1420449955.0449402332;-29.375963211059570313;-41.451160430908203125
1420450954.0459392071;-16.040073394775390625;-24.382936477661132813
1420451953.0469381809;-6.8656506538391113281;-12.575237274169921875
1420452952.0479371548;-0.98604643344879150391;-0.98604643344879150391
1420453951.0489361286;2.0265729427337646484;2.0265729427337646484
1420454950.0499351025;2.54327392578125;2.54327392578125
1420455949.0509340763;1.8869554996490478516;1.8869554996490478516
1420456948.0519330502;-1.3438189029693603516;-1.3438189029693603516
1420457947.052932024;-7.4671454429626464844;-13.3662872314453125
1420458946.0539309978;-16.938863754272460938;-25.537591934204101563
1420459945.0549299717;-30.68677520751953125;-43.178668975830078125
1420460944.0559289455;-50.86470794677734375;-71.0559539794921875
1420461943.0569279194;-85.5972442626953125;-85.5972442626953125
1420462942.0579268932;-85.4218902587890625;-90.82624053955078125
1420463941.0589258671;-85.98645782470703125;-89.784423828125
1420464940.0599248409;-85.43361663818359375;-92.45311737060546875
1420465939.0609238148;-85.23284149169921875;-94.72048187255859375
1420466938.0619227886;-86.49640655517578125;-92.88922882080078125
1420467937.0629217625;-89.013275146484375;-96.26082611083984375
1420468936.0639207363;-84.5729827880859375;-88.46013641357421875
1420469935.0649197102;-82.578125;-86.5241241455078125
1420470934.065918684;-81.736907958984375;-87.9570770263671875
1420471933.0669176579;-81.61298370361328125;-89.7067718505859375
1420472932.0679166317;-82.01439666748046875;-89.811614990234375
1420473931.0689156055;-83.67552947998046875;-89.73970794677734375
1420474930.0699145794;-85.38031768798828125;-91.36302947998046875
1420475929.0709135532;-83.47802734375;-90.1188812255859375
1420476928.0719125271;-82.44745635986328125;-86.8702239990234375
1420477927.0729115009;-81.696044921875;-86.2405853271484375
1420478926.0739104748;-81.35186767578125;-87.03040313720703125
1420479925.0749094486;-81.31072998046875;-87.9941253662109375
1420480924.0759084225;-80.81439971923828125;-88.59442901611328125
1420481923.0769073963;-80.591888427734375;-89.6499786376953125
1420482922.0779063702;-80.888702392578125;-90.29141998291015625
1420483921.078905344;-81.92856597900390625;-88.38339996337890625
1420484920.0799043179;-82.28067779541015625;-83.93061065673828125
1420485919.0809032917;-81.77071380615234375;-86.7682647705078125
1420486918.0819022655;-82.25740814208984375;-89.4973297119140625
1420487917.0829012394;-84.72951507568359375;-89.9687957763671875
1420488916.0839002132;-84.72386932373046875;-87.18889617919921875
1420489915.0848991871;-82.578521728515625;-86.2743682861328125
1420490914.0858981609;-81.8784332275390625;-87.020538330078125
1420491913.0868971348;-81.93256378173828125;-88.48332977294921875
1420492912.0878961086;-82.94229888916015625;-89.03802490234375
1420493911.0888950825;-85.5661163330078125;-89.07976531982421875
1420494910.0898940563;-88.7055511474609375;-96.88306427001953125
1420495909.0908930302;-88.8898162841796875;-92.29996490478515625
1420496908.091892004;-88.0787811279296875;-93.0792236328125
1420497907.0928909779;-88.14138031005859375;-103.14133453369140625
1420498906.0938899517;-88.97016143798828125;-93.101287841796875
1420499905.0948889256;-85.017486572265625;-93.41001129150390625
1420500904.0958878994;-82.34033966064453125;-93.9239044189453125
1420501903.0968868732;-81.2884979248046875;-91.8152923583984375
1420502902.0978858471;-81.38950347900390625;-86.73980712890625
1420503901.0988848209;-79.6761322021484375;-85.238983154296875
1420504900.0998837948;-76.96038055419921875;-83.01432037353515625
1420505899.1008827686;-76.533905029296875;-79.56958770751953125
1420506898.1018817425;-77.4752349853515625;-80.1502532958984375
1420507897.1028807163;-80.2342071533203125;-87.0161285400390625
1420508896.1038796902;-83.00841522216796875;-87.38794708251953125
1420509895.104878664;-83.59412384033203125;-86.74581146240234375
1420510894.1058776379;-81.24568939208984375;-86.353546142578125
1420511893.1068766117;-81.19600677490234375;-87.573577880859375
1420512892.1078755856;-82.6712799072265625;-90.18236541748046875
1420513891.1088745594;-84.53049468994140625;-88.0699615478515625
1420514890.1098735332;-84.2172393798828125;-88.09748077392578125
1420515889.1108725071;-82.74646759033203125;-91.0555419921875
1420516888.1118714809;-81.7198333740234375;-94.56589508056640625
1420517887.1128704548;-81.67840576171875;-92.1869049072265625
1420518886.1138694286;-82.82051849365234375;-87.523773193359375
1420519885.1148684025;-86.4910430908203125;-91.61275482177734375
1420520884.1158673763;-89.7014007568359375;-92.194854736328125
1420521883.1168663502;-87.62267303466796875;-92.27187347412109375
1420522882.117865324;-86.49430084228515625;-95.0253448486328125
1420523881.1188642979;-84.3768157958984375;-92.6617279052734375
1420524880.1198632717;-82.9863128662109375;-87.56986236572265625
1420525879.1208622456;-82.86688995361328125;-86.417266845703125
1420526878.1218612194;-83.39917755126953125;-85.027008056640625
1420527877.1228601933;-82.184234619140625;-85.78841400146484375
1420528876.1238591671;-81.26197052001953125;-86.73925018310546875
1420529875.1248581409;-80.414306640625;-87.7837371826171875
1420530874.1258571148;-79.92002105712890625;-88.67348480224609375
1420531873.1268560886;-79.91015625;-88.789947509765625
1420532872.1278550625;-80.67264556884765625;-88.37975311279296875
1420533871.1288540363;-82.410369873046875;-87.68540191650390625
1420534870.1298530102;-84.3818511962890625;-87.8790130615234375
1420535869.130851984;-86.38234710693359375;-88.880096435546875
1420536868.1318509579;-83.92748260498046875;-91.96869659423828125
1420537867.1328499317;-81.30771636962890625;-94.4978790283203125
1420538866.1338489056;-80.98700714111328125;-94.23052215576171875
1420539865.1348478794;-81.790069580078125;-88.39905548095703125
1420540864.1358468533;-85.85172271728515625;-92.01732635498046875
1420541863.1368458271;-92.06951141357421875;-97.2767181396484375
1420542862.1378448009;-86.40775299072265625;-91.81522369384765625
1420543861.1388437748;-83.693572998046875;-89.6285247802734375
1420544860.1398427486;-81.34674072265625;-88.92313385009765625
1420545859.1408417225;-80.6040496826171875;-88.16684722900390625
1420546858.1418406963;-84.4125518798828125;-84.4125518798828125
1420547857.1428396702;-83.209228515625;-83.209228515625
1420548856.143838644;-83.19124603271484375;-83.19124603271484375
1420549855.1448376179;-80.62899017333984375;-80.62899017333984375
1420550854.1458365917;-71.75897979736328125;-78.095458984375
1420551853.1468355656;-62.95269775390625;-68.56806182861328125
1420552852.1478345394;-56.944782257080078125;-56.944782257080078125
1420553851.1488335133;-53.6971588134765625;-53.6971588134765625
1420554850.1498324871;-53.028057098388671875;-53.028057098388671875
1420555849.150831461;-53.54114532470703125;-53.54114532470703125
1420556848.1518304348;-56.57128143310546875;-56.57128143310546875
1420557847.1528294086;-62.525829315185546875;-68.83966064453125
1420558846.1538283825;-73.00815582275390625;-85.79154205322265625
1420559845.1548273563;-84.51694488525390625;-101.51464080810546875
1420560844.1558263302;-81.72937774658203125;-100.55377197265625
1420561843.156825304;-80.71640777587890625;-91.7183685302734375
1420562842.1578242779;-80.8916168212890625;-91.99224853515625
1420563841.1588232517;-83.92507171630859375;-95.116790771484375
1420564840.1598222256;-83.0606842041015625;-94.91333770751953125
1420565839.1608211994;-81.1162567138671875;-91.98493194580078125
1420566838.1618201733;-80.672821044921875;-94.2994384765625
1420567837.1628191471;-81.0918121337890625;-98.97463226318359375
1420568836.163818121;-83.57375335693359375;-97.86891937255859375
1420569835.1648170948;-83.5046234130859375;-97.02388763427734375
1420570834.1658160686;-81.02811431884765625;-89.8362579345703125
1420571833.1668150425;-80.1600341796875;-86.77779388427734375
1420572832.1678140163;-80.18952178955078125;-86.72704315185546875
1420573831.1688129902;-80.9275054931640625;-87.47951507568359375
1420574830.169811964;-82.25131988525390625;-89.3539276123046875
1420575829.1708109379;-82.963653564453125;-90.55303192138671875
1420576828.1718099117;-83.20059967041015625;-88.43402862548828125
1420577827.1728088856;-84.69728851318359375;-87.24364471435546875
1420578826.1738078594;-86.11067962646484375;-88.88446807861328125
1420579825.1748068333;-83.26866912841796875;-86.0627593994140625
1420580824.1758058071;-81.49716949462890625;-84.559722900390625
1420581823.176804781;-81.0326995849609375;-82.069366455078125
1420582822.1778037548;-80.8620147705078125;-83.27983856201171875
1420583821.1788027287;-82.07376861572265625;-85.45854949951171875
1420584820.1798017025;-85.48174285888671875;-87.7543182373046875
1420585819.1808006763;-86.5491943359375;-88.6976470947265625
1420586818.1817996502;-87.22335052490234375;-96.585968017578125
1420587817.182798624;-86.94644927978515625;-96.34487152099609375
1420588816.1837975979;-87.99771881103515625;-91.40863800048828125
1420589815.1847965717;-89.71286773681640625;-94.7527618408203125
1420590814.1857955456;-89.81621551513671875;-94.17691802978515625
1420591813.1867945194;-91.52579498291015625;-93.24608612060546875
1420592812.1877934933;-90.93967437744140625;-92.475433349609375
1420593811.1887924671;-90.20423126220703125;-91.154449462890625
1420594810.189791441;-91.0054931640625;-92.43477630615234375
1420595809.1907904148;-89.12242889404296875;-92.5995025634765625
1420596808.1917893887;-87.33440399169921875;-92.2816162109375
1420597807.1927883625;-85.28404998779296875;-100.277099609375
1420598806.1937873363;-83.7282562255859375;-98.94225311279296875
1420599805.1947863102;-82.76244354248046875;-92.0033111572265625
1420600804.195785284;-82.30155181884765625;-85.32350921630859375
1420601803.1967842579;-81.00571441650390625;-82.23419952392578125
1420602802.1977832317;-80.56951904296875;-82.2339324951171875
1420603801.1987822056;-80.86822509765625;-82.6235198974609375
1420604800.1997811794;-82.8678131103515625;-87.94994354248046875
1420605799.2007801533;-83.89258575439453125;-89.5440826416015625
1420606798.2017791271;-81.187408447265625;-88.51209259033203125
1420607797.202778101;-81.0869598388671875;-89.71307373046875
1420608796.2037770748;-82.61774444580078125;-88.702972412109375
1420609795.2047760487;-84.32277679443359375;-88.04808807373046875
1420610794.2057750225;-82.22670745849609375;-92.29441070556640625
1420611793.2067739964;-81.40538787841796875;-95.78064727783203125
1420612792.2077729702;-81.360015869140625;-94.50763702392578125
1420613791.208771944;-81.9153900146484375;-90.1890716552734375
1420614790.2097709179;-83.36785125732421875;-93.94747161865234375
1420615789.2107698917;-83.04660797119140625;-85.7659149169921875
1420616788.2117688656;-81.94757843017578125;-85.27133941650390625
1420617787.2127678394;-82.1935882568359375;-87.40771484375
1420618786.2137668133;-84.47510528564453125;-89.33316802978515625
1420619785.2147657871;-86.72779083251953125;-88.69586944580078125
1420620784.215764761;-86.61849212646484375;-91.34830474853515625
1420621783.2167637348;-87.08415985107421875;-91.0166778564453125
1420622782.2177627087;-84.621185302734375;-88.253173828125
1420623781.2187616825;-83.64492034912109375;-90.0545806884765625
1420624780.2197606564;-83.95537567138671875;-94.28806304931640625
1420625779.2207596302;-87.36847686767578125;-92.6087646484375
1420626778.221758604;-84.531097412109375;-92.10628509521484375
1420627777.2227575779;-82.87404632568359375;-88.21035003662109375
1420628776.2237565517;-82.57694244384765625;-86.1590118408203125
1420629775.2247555256;-82.31649017333984375;-84.12396240234375
1420630774.2257544994;-80.155731201171875;-86.33681488037109375
1420631773.2267534733;-79.2653350830078125;-86.63747406005859375
1420632772.2277524471;-79.32525634765625;-86.3576507568359375
1420633771.228751421;-80.51822662353515625;-86.041290283203125
1420634770.2297503948;-83.05898284912109375;-85.90605926513671875
1420635769.2307493687;-85.80898284912109375;-87.9895477294921875
1420636768.2317483425;-85.7127532958984375;-87.59810638427734375
1420637767.2327473164;-84.668487548828125;-93.28522491455078125
1420638766.2337462902;-84.53372955322265625;-95.86510467529296875
1420639765.2347452641;-84.71083831787109375;-102.7443389892578125
1420640764.2357442379;-85.0420379638671875;-95.952667236328125
1420641763.2367432117;-85.14504241943359375;-89.66782379150390625
1420642762.2377421856;-82.5400390625;-87.20862579345703125
1420643761.2387411594;-82.414825439453125;-91.52490234375
1420644760.2397401333;-84.28560638427734375;-92.4288787841796875
1420645759.2407391071;-88.4071197509765625;-96.39886474609375
1420646758.241738081;-86.2217254638671875;-88.1293487548828125
1420647757.2427370548;-86.1578369140625;-90.6306304931640625
1420648756.2437360287;-87.58995819091796875;-93.0162353515625
1420649755.2447350025;-91.25518798828125;-91.25518798828125
1420650754.2457339764;-91.432525634765625;-91.432525634765625
1420651753.2467329502;-81.08708953857421875;-88.0415191650390625
1420652752.2477319241;-73.6502532958984375;-73.6502532958984375
1420653751.2487308979;-69.6622772216796875;-69.6622772216796875
1420654750.2497298717;-68.6159820556640625;-68.6159820556640625
1420655749.2507288456;-68.8793487548828125;-68.8793487548828125
1420656748.2517278194;-71.47930908203125;-71.47930908203125
1420657747.2527267933;-77.48215484619140625;-83.34070587158203125
1420658746.2537257671;-86.65899658203125;-86.65899658203125
1420659745.254724741;-90.20436859130859375;-90.20436859130859375
1420660744.2557237148;-89.9813232421875;-89.9813232421875
1420661743.2567226887;-84.13608551025390625;-91.17636871337890625
1420662742.2577216625;-83.267364501953125;-90.16564178466796875
1420663741.2587206364;-83.5159149169921875;-86.6909942626953125
1420664740.2597196102;-83.8871917724609375;-88.24433135986328125
1420665739.2607185841;-82.10564422607421875;-89.04560089111328125
1420666738.2617175579;-80.974212646484375;-87.68896484375
1420667737.2627165318;-80.969635009765625;-86.2200927734375
1420668736.2637155056;-82.51795196533203125;-87.19486236572265625
1420669735.2647144794;-86.4911956787109375;-89.36646270751953125
1420670734.2657134533;-86.9796600341796875;-91.55924224853515625
1420671733.2667124271;-85.0588226318359375;-91.5432281494140625
1420672732.267711401;-83.793304443359375;-89.729736328125
1420673731.2687103748;-83.0991058349609375;-87.19853973388671875
1420674730.2697093487;-82.96654510498046875;-87.46105194091796875
1420675729.2707083225;-83.111724853515625;-96.5326385498046875
1420676728.2717072964;-83.60689544677734375;-92.5186004638671875
1420677727.2727062702;-84.1071014404296875;-93.199615478515625
1420678726.2737052441;-84.53884124755859375;-95.1114349365234375
1420679725.2747042179;-84.47735595703125;-91.02411651611328125
1420680724.2757031918;-84.2151947021484375;-95.8489532470703125
1420681723.2767021656;-84.37088775634765625;-92.33600616455078125
1420682722.2777011395;-85.36621856689453125;-94.40445709228515625
1420683721.2787001133;-87.12835693359375;-97.51802825927734375
1420684720.2796990871;-89.33777618408203125;-104.72552490234375
1420685719.280698061;-88.577484130859375;-92.34981536865234375
1420686718.2816970348;-86.66316986083984375;-95.55796051025390625
1420687717.2826960087;-86.5823974609375;-97.3299713134765625
1420688716.2836949825;-86.91852569580078125;-97.691558837890625
1420689715.2846939564;-87.18602752685546875;-95.83715057373046875
1420690714.2856929302;-87.10831451416015625;-91.7795867919921875
1420691713.2866919041;-87.0408782958984375;-88.45970916748046875
1420692712.2876908779;-86.46591949462890625;-89.6395721435546875
1420693711.2886898518;-86.6599273681640625;-90.30803680419921875
1420694710.2896888256;-87.06536865234375;-88.81377410888671875
1420695709.2906877995;-87.20496368408203125;-90.0560760498046875
1420696708.2916867733;-87.73496246337890625;-90.0826568603515625
1420697707.2926857471;-86.8727569580078125;-88.520050048828125
1420698706.293684721;-87.319122314453125;-90.57929229736328125
1420699705.2946836948;-88.38848876953125;-97.82860565185546875
1420700704.2956826687;-84.3807830810546875;-94.0666656494140625
1420701703.2966816425;-82.19623565673828125;-88.32012176513671875
1420702702.2976806164;-81.23912811279296875;-87.568572998046875
1420703701.2986795902;-81.2573394775390625;-88.6737823486328125
1420704700.2996785641;-82.5370941162109375;-94.39752960205078125
1420705699.3006775379;-86.3054962158203125;-102.78521728515625
1420706698.3016765118;-88.18726348876953125;-94.41814422607421875
1420707697.3026754856;-84.43555450439453125;-89.39318084716796875
1420708696.3036744595;-83.32314300537109375;-86.932403564453125
1420709695.3046734333;-83.28565216064453125;-85.19207000732421875
1420710694.3056724072;-84.29125213623046875;-86.13686370849609375
1420711693.306671381;-85.17624664306640625;-88.120269775390625
1420712692.3076703548;-85.341156005859375;-87.8836212158203125
1420713691.3086693287;-83.45185089111328125;-87.6024322509765625
1420714690.3096683025;-81.59679412841796875;-87.315948486328125
1420715689.3106672764;-80.517547607421875;-85.9623870849609375
1420716688.3116662502;-80.432647705078125;-84.8248291015625
1420717687.3126652241;-81.18804931640625;-85.179443359375
1420718686.3136641979;-83.12169647216796875;-87.076385498046875
1420719685.3146631718;-85.54338836669921875;-94.6134796142578125
1420720684.3156621456;-88.9736328125;-93.41141510009765625
1420721683.3166611195;-88.11193084716796875;-96.3706512451171875
1420722682.3176600933;-86.379547119140625;-90.80472564697265625
1420723681.3186590672;-84.44617462158203125;-95.5307159423828125
1420724680.319658041;-84.43346405029296875;-96.5055999755859375
1420725679.3206570148;-85.2459869384765625;-99.122161865234375
1420726678.3216559887;-85.08501434326171875;-96.395355224609375
1420727677.3226549625;-84.37778472900390625;-87.15380096435546875
1420728676.3236539364;-81.95116424560546875;-89.017730712890625
1420729675.3246529102;-80.8011322021484375;-92.1571197509765625
1420730674.3256518841;-80.55663299560546875;-94.08927154541015625
1420731673.3266508579;-80.76690673828125;-92.32723236083984375
1420732672.3276498318;-82.3266448974609375;-97.89115142822265625
1420733671.3286488056;-86.246429443359375;-100.6334991455078125
1420734670.3296477795;-90.8518829345703125;-97.86948394775390625
1420735669.3306467533;-87.52460479736328125;-103.68206787109375
1420736668.3316457272;-87.40518951416015625;-103.21100616455078125
1420737667.332644701;-88.63128662109375;-92.36983489990234375
1420738666.3336436749;-86.0946197509765625;-90.537750244140625
1420739665.3346426487;-82.84426116943359375;-87.48517608642578125
1420740664.3356416225;-82.74558258056640625;-86.0437774658203125
1420741663.3366405964;-83.8520050048828125;-89.22385406494140625
1420742662.3376395702;-83.612518310546875;-94.8304443359375
1420743661.3386385441;-84.12932586669921875;-88.72509002685546875
1420744660.3396375179;-86.1137237548828125;-87.26576995849609375
1420745659.3406364918;-86.3132171630859375;-88.46981048583984375
1420746658.3416354656;-86.806915283203125;-89.31308746337890625
1420747657.3426344395;-86.0959014892578125;-98.20763397216796875
1420748656.3436334133;-85.2262420654296875;-94.461334228515625
1420749655.3446323872;-85.2660675048828125;-89.34841156005859375
1420750654.345631361;-86.20374298095703125;-87.51378631591796875
1420751653.3466303349;-83.95258331298828125;-87.4914398193359375
1420752652.3476293087;-81.8629913330078125;-86.70388031005859375
1420753651.3486282825;-81.4243621826171875;-84.22490692138671875
1420754650.3496272564;-81.678619384765625;-82.84287261962890625
1420755649.3506262302;-83.18383026123046875;-86.38002777099609375
1420756648.3516252041;-84.8857269287109375;-92.04541778564453125
1420757647.3526241779;-84.43244171142578125;-91.69507598876953125
1420758646.3536231518;-84.2376251220703125;-89.38576507568359375
1420759645.3546221256;-84.83940887451171875;-87.09714508056640625
1420760644.3556210995;-85.34405517578125;-86.84417724609375
1420761643.3566200733;-84.27646636962890625;-86.213714599609375
1420762642.3576190472;-81.83255767822265625;-88.26795196533203125
1420763641.358618021;-81.0508575439453125;-89.51580047607421875
1420764640.3596169949;-81.11824798583984375;-91.8193359375
1420765639.3606159687;-82.03426361083984375;-86.68645477294921875
1420766638.3616149426;-81.7862396240234375;-83.21143341064453125
1420767637.3626139164;-81.085205078125;-82.416656494140625
1420768636.3636128902;-81.07492828369140625;-82.790283203125
1420769635.3646118641;-81.5457763671875;-87.03076171875
1420770634.3656108379;-82.4200897216796875;-90.7551727294921875
1420771633.3666098118;-83.48113250732421875;-88.29428863525390625
1420772632.3676087856;-84.9977874755859375;-87.6566925048828125
1420773631.3686077595;-85.56774139404296875;-88.18668365478515625
1420774630.3696067333;-85.42513275146484375;-92.52062225341796875
1420775629.3706057072;-85.9730987548828125;-95.77335357666015625
1420776628.371604681;-86.09564971923828125;-90.7631988525390625
1420777627.3726036549;-84.35665130615234375;-90.93175506591796875
1420778626.3736026287;-84.0080413818359375;-89.02826690673828125
1420779625.3746016026;-84.4842987060546875;-89.13057708740234375
1420780624.3756005764;-87.24912261962890625;-91.469024658203125
1420781623.3765995502;-89.14340972900390625;-91.14656829833984375
1420782622.3775985241;-89.44008636474609375;-90.261138916015625
1420783621.3785974979;-88.67037200927734375;-94.14299774169921875
1420784620.3795964718;-88.97576904296875;-95.5087890625
1420785619.3805954456;-88.27170562744140625;-96.24432373046875
1420786618.3815944195;-86.4500732421875;-96.73474884033203125
1420787617.3825933933;-86.314056396484375;-93.67684173583984375
1420788616.3835923672;-87.325439453125;-91.45891571044921875
1420789615.384591341;-90.31578826904296875;-91.28569793701171875
1420790614.3855903149;-87.83217620849609375;-92.8593902587890625
1420791613.3865892887;-86.37720489501953125;-93.717193603515625
1420792612.3875882626;-86.3303680419921875;-95.79168701171875
1420793611.3885872364;-88.4192352294921875;-96.28948211669921875
1420794610.3895862103;-88.41974639892578125;-93.105987548828125
1420795609.3905851841;-87.68573760986328125;-90.36956787109375
1420796608.3915841579;-88.0227508544921875;-90.49854278564453125
1420797607.3925831318;-87.51668548583984375;-92.57192230224609375
1420798606.3935821056;-86.91870880126953125;-97.83957672119140625
1420799605.3945810795;-85.48773193359375;-100.25437164306640625
1420800604.3955800533;-84.28936767578125;-94.2566070556640625
1420801603.3965790272;-83.96839141845703125;-100.5596160888671875
1420802602.397578001;-84.20970916748046875;-89.401885986328125
1420803601.3985769749;-83.931884765625;-85.51869964599609375
1420804600.3995759487;-83.69300079345703125;-86.56046295166015625
1420805599.4005749226;-84.17978668212890625;-92.939056396484375
1420806598.4015738964;-85.44649505615234375;-101.07886505126953125
1420807597.4025728703;-85.40869140625;-93.64743804931640625
1420808596.4035718441;-85.460784912109375;-89.604034423828125
1420809595.4045708179;-86.8184051513671875;-89.523040771484375
1420810594.4055697918;-85.02397918701171875;-93.0903167724609375
1420811593.4065687656;-84.43627166748046875;-94.3765716552734375
1420812592.4075677395;-84.56763458251953125;-95.0242767333984375
1420813591.4085667133;-85.737518310546875;-90.81661224365234375
1420814590.4095656872;-88.73963165283203125;-93.94313812255859375
1420815589.410564661;-86.26363372802734375;-90.5690155029296875
1420816588.4115636349;-84.511993408203125;-86.1026611328125
1420817587.4125626087;-84.08696746826171875;-86.23290252685546875
1420818586.4135615826;-84.56119537353515625;-90.7553558349609375
1420819585.4145605564;-88.62457275390625;-93.72248077392578125
1420820584.4155595303;-87.2812347412109375;-92.8818206787109375
1420821583.4165585041;-87.276611328125;-93.71600341796875
1420822582.417557478;-86.23493194580078125;-91.55414581298828125
1420823581.4185564518;-84.207122802734375;-92.09356689453125
1420824580.4195554256;-82.22362518310546875;-92.04056549072265625
1420825579.4205543995;-81.38901519775390625;-90.9709625244140625
1420826578.4215533733;-81.36168670654296875;-89.7543487548828125
1420827577.4225523472;-81.8289947509765625;-91.04331207275390625
1420828576.423551321;-82.8722991943359375;-88.385833740234375
1420829575.4245502949;-84.30794525146484375;-86.5887908935546875
1420830574.4255492687;-85.8030242919921875;-89.07154083251953125
1420831573.4265482426;-86.6019134521484375;-96.36035919189453125
1420832572.4275472164;-87.66104888916015625;-91.862823486328125
1420833571.4285461903;-84.926971435546875;-91.06827545166015625
1420834570.4295451641;-84.42458343505859375;-91.46663665771484375
1420835569.430544138;-85.1454620361328125;-91.273681640625
1420836568.4315431118;-88.39270782470703125;-95.68646240234375
1420837567.4325420856;-88.360809326171875;-93.04114532470703125
1420838566.4335410595;-84.82867431640625;-90.13373565673828125
1420839565.4345400333;-83.088470458984375;-92.5612030029296875
1420840564.4355390072;-82.73642730712890625;-95.19249725341796875
1420841563.436537981;-82.93776702880859375;-94.13370513916015625
1420842562.4375369549;-84.38343048095703125;-89.2490234375
1420843561.4385359287;-88.00182342529296875;-89.45256805419921875
1420844560.4395349026;-86.53749847412109375;-89.71823883056640625
1420845559.4405338764;-85.6969146728515625;-89.55867767333984375
1420846558.4415328503;-85.65264129638671875;-88.25746917724609375
1420847557.4425318241;-85.93837738037109375;-86.76507568359375
1420848556.443530798;-86.65349578857421875;-89.33603668212890625
1420849555.4445297718;-88.35463714599609375;-96.7341461181640625
1420850554.4455287457;-90.22087860107421875;-96.24642181396484375
1420851553.4465277195;-90.30008697509765625;-95.09808349609375
1420852552.4475266933;-90.24493408203125;-94.091278076171875
1420853551.4485256672;-91.93750762939453125;-94.78351593017578125
1420854550.449524641;-89.70123291015625;-98.57665252685546875
1420855549.4505236149;-87.68273162841796875;-102.89624786376953125
1420856548.4515225887;-85.51153564453125;-92.7604217529296875
1420857547.4525215626;-82.92389678955078125;-88.54666900634765625
1420858546.4535205364;-81.463104248046875;-86.60555267333984375
1420859545.4545195103;-81.2587127685546875;-87.07059478759765625
1420860544.4555184841;-81.5794525146484375;-92.84145355224609375
1420861543.456517458;-82.816802978515625;-90.4644012451171875
1420862542.4575164318;-83.34903717041015625;-88.43845367431640625
1420863541.4585154057;-82.5703125;-92.5792694091796875
1420864540.4595143795;-82.5223236083984375;-91.42177581787109375
1420865539.4605133533;-83.06700897216796875;-92.16042327880859375
1420866538.4615123272;-84.67691802978515625;-93.18793487548828125
1420867537.462511301;-87.23261260986328125;-90.2150115966796875
1420868536.4635102749;-87.81676483154296875;-95.092620849609375
1420869535.4645092487;-85.92792510986328125;-97.0867462158203125
1420870534.4655082226;-85.43978118896484375;-95.4725341796875
1420871533.4665071964;-85.6430206298828125;-89.0834503173828125
1420872532.4675061703;-86.42336273193359375;-87.3154296875
1420873531.4685051441;-86.74893951416015625;-89.83917999267578125
1420874530.469504118;-86.95763397216796875;-89.0942840576171875
1420875529.4705030918;-86.84381866455078125;-87.99483489990234375
1420876528.4715020657;-86.9144439697265625;-91.39306640625
1420877527.4725010395;-88.679901123046875;-95.89837646484375
1420878526.4735000134;-89.76506805419921875;-94.99628448486328125
1420879525.4744989872;-87.5291748046875;-90.12334442138671875
1420880524.475497961;-84.88217926025390625;-89.59575653076171875
1420881523.4764969349;-83.66846466064453125;-90.6390838623046875
1420882522.4774959087;-83.619232177734375;-92.8795013427734375
1420883521.4784948826;-84.57166290283203125;-90.66509246826171875
1420884520.4794938564;-85.0169830322265625;-89.11867523193359375
1420885519.4804928303;-83.58937835693359375;-91.60845184326171875
1420886518.4814918041;-83.12493133544921875;-91.73294830322265625
1420887517.482490778;-83.1495819091796875;-89.69580078125
1420888516.4834897518;-84.13458251953125;-90.22487640380859375
1420889515.4844887257;-87.95369720458984375;-91.193359375
1420890514.4854876995;-87.046173095703125;-91.37990570068359375
1420891513.4864866734;-85.87213134765625;-87.94359588623046875
1420892512.4874856472;-85.5171966552734375;-85.9169921875
1420893511.488484621;-85.84973907470703125;-87.391326904296875
1420894510.4894835949;-87.19698333740234375;-93.403289794921875
1420895509.4904825687;-88.10062408447265625;-99.7768096923828125
1420896508.4914815426;-87.089508056640625;-95.1857147216796875
1420897507.4924805164;-87.133575439453125;-89.96945953369140625
1420898506.4934794903;-88.26519012451171875;-90.01798248291015625
1420899505.4944784641;-87.3225860595703125;-90.12603759765625
1420900504.495477438;-86.7309722900390625;-97.47083282470703125
1420901503.4964764118;-86.63724517822265625;-100.83631134033203125
1420902502.4974753857;-86.85649871826171875;-94.37668609619140625
1420903501.4984743595;-85.9259033203125;-89.92214202880859375
1420904500.4994733334;-84.66736602783203125;-86.7640533447265625
