Type;FSVA3044;
Version;1.31;
Date;24.Mar 2026;
Mode;ANALYZER;
Preamplifier;OFF;
Transducer;OFF;
Center Freq;1420300000.000000;Hz
Freq Offset;0.000000;Hz
Start;1418400000.000000;Hz
Stop;1422200000.000000;Hz
Span;3800000.000000;Hz
Ref Level;1.857600;dBm
Level Offset;0.000000;dB
Rf Att;11.000000;dB
El Att;0.000000;dB
RBW;50000.000000;Hz
VBW;50000.000000;Hz
SWT;0.001010;s
Sweep Count;0;
Window;1;Frequency Sweep
Ref Position;75.000000;%
Level Range;90.000000;dB
x-Axis;LIN;
y-Axis;LOG;
x-Unit;Hz;
y-Unit;dBm;
Trace;1;
Trace Mode;CLR/WRITE;
Detector;AUTOPEAK;
Values;1001;
1418401898.1018981934;-91.46161651611328125;-91.46161651611328125
1418405694.3056943417;-91.534912109375;-91.534912109375
1418409490.50949049;-91.98818206787109375;-91.98818206787109375
1418413286.7132866383;-92.9725341796875;-92.9725341796875
1418417082.9170827866;-93.9847412109375;-93.9847412109375
1418420879.1208789349;-94.80283355712890625;-94.80283355712890625
1418424675.3246750832;-94.59096527099609375;-94.59096527099609375
1418428471.5284712315;-93.79169464111328125;-93.79169464111328125
1418432267.7322673798;-93.14798736572265625;-93.14798736572265625
1418436063.9360635281;-92.71576690673828125;-92.71576690673828125
1418439860.1398596764;-92.46639251708984375;-92.46639251708984375
1418443656.3436558247;-92.38481903076171875;-92.38481903076171875
1418447452.547451973;-92.38481903076171875;-92.38481903076171875
1418451248.7512481213;-92.3848114013671875;-92.3848114013671875
1418455044.9550442696;-92.30400848388671875;-92.30400848388671875
1418458841.1588404179;-91.98812103271484375;-91.98812103271484375
1418462637.3626365662;-91.60875701904296875;-91.60875701904296875
1418466433.5664327145;-91.034271240234375;-91.034271240234375
1418470229.7702288628;-90.36579132080078125;-90.36579132080078125
1418474025.9740250111;-89.80521392822265625;-89.80521392822265625
1418477822.1778211594;-89.3355865478515625;-89.3355865478515625
1418481618.3816173077;-89.0544586181640625;-89.0544586181640625
1418485414.585413456;-88.9445037841796875;-88.9445037841796875
1418489210.7892096043;-88.94449615478515625;-88.94449615478515625
1418493006.9930057526;-88.94449615478515625;-88.94449615478515625
1418496803.1968019009;-88.99929046630859375;-88.99929046630859375
1418500599.4005980492;-89.05443572998046875;-89.05443572998046875
1418504395.6043941975;-88.9992828369140625;-88.9992828369140625
1418508191.8081903458;-88.83589935302734375;-88.83589935302734375
1418511988.0119864941;-88.675537109375;-88.675537109375
1418515784.2157826424;-88.57025146484375;-88.57025146484375
1418519580.4195787907;-88.57024383544921875;-88.57024383544921875
1418523376.623374939;-88.6755218505859375;-88.6755218505859375
1418527172.8271710873;-88.9992523193359375;-88.9992523193359375
1418530969.0309672356;-89.62603759765625;-89.62603759765625
1418534765.2347633839;-90.69351959228515625;-90.69351959228515625
1418538561.4385595322;-92.3039093017578125;-92.3039093017578125
1418542357.6423556805;-94.69610595703125;-94.69610595703125
1418546153.8461518288;-97.4093475341796875;-97.4093475341796875
1418549950.0499479771;-95.94720458984375;-95.94720458984375
1418553746.2537441254;-93.326934814453125;-93.326934814453125
1418557542.4575402737;-91.46141815185546875;-91.46141815185546875
1418561338.661336422;-90.3656768798828125;-90.3656768798828125
1418565134.8651325703;-89.9879608154296875;-89.9879608154296875
1418568931.0689287186;-89.92657470703125;-89.92657470703125
1418572727.2727248669;-90.23792266845703125;-90.23792266845703125
1418576523.4765210152;-91.10390472412109375;-91.10390472412109375
1418580319.6803171635;-92.466217041015625;-92.466217041015625
1418584115.8841133118;-93.984527587890625;-93.984527587890625
1418587912.0879094601;-94.08266448974609375;-94.08266448974609375
1418591708.2917056084;-92.71556854248046875;-92.71556854248046875
1418595504.4955017567;-91.60858917236328125;-91.60858917236328125
1418599300.699297905;-90.6934356689453125;-90.6934356689453125
1418603096.9030940533;-90.17472076416015625;-90.17472076416015625
1418606893.1068902016;-89.80504608154296875;-89.80504608154296875
1418610689.3106863499;-89.62593841552734375;-89.62593841552734375
1418614485.5144824982;-89.5085601806640625;-89.5085601806640625
1418618281.7182786465;-89.4504547119140625;-89.4504547119140625
1418622077.9220747948;-89.50855255126953125;-89.50855255126953125
1418625874.1258709431;-89.74491119384765625;-89.74491119384765625
1418629670.3296670914;-90.301483154296875;-90.301483154296875
1418633466.5334632397;-91.174163818359375;-91.174163818359375
1418637262.737259388;-92.4661407470703125;-92.4661407470703125
1418641058.9410555363;-94.1818695068359375;-94.1818695068359375
1418644855.1448516846;-96.4507598876953125;-96.4507598876953125
1418648651.3486478329;-98.8208465576171875;-98.8208465576171875
1418652447.5524439812;-100.50725555419921875;-100.50725555419921875
1418656243.7562401295;-99.1683197021484375;-99.1683197021484375
1418660039.9600362778;-97.854736328125;-97.854736328125
1418663836.1638324261;-96.713958740234375;-96.713958740234375
1418667632.3676285744;-95.947052001953125;-95.947052001953125
1418671428.5714247227;-95.3559417724609375;-95.3559417724609375
1418675224.775220871;-95.1303253173828125;-95.1303253173828125
1418679020.9790170193;-95.0196685791015625;-95.0196685791015625
1418682817.1828131676;-94.59064483642578125;-94.59064483642578125
1418686613.3866093159;-93.88735198974609375;-93.88735198974609375
1418690409.5904054642;-92.97219085693359375;-92.97219085693359375
1418694205.7942016125;-92.1443328857421875;-92.1443328857421875
1418698001.9979977608;-91.31647491455078125;-91.31647491455078125
1418701798.2017939091;-90.82798004150390625;-90.82798004150390625
1418705594.4055900574;-90.56069183349609375;-90.56069183349609375
1418709390.6093862057;-90.56069183349609375;-90.56069183349609375
1418713186.813182354;-90.69329833984375;-90.69329833984375
1418716983.0169785023;-91.103729248046875;-91.103729248046875
1418720779.2207746506;-91.75820159912109375;-91.75820159912109375
1418724575.4245707989;-92.80014801025390625;-92.80014801025390625
1418728371.6283669472;-94.1817626953125;-94.1817626953125
1418732167.8321630955;-95.9469757080078125;-95.9469757080078125
1418735964.0359592438;-98.16487884521484375;-98.16487884521484375
1418739760.2397553921;-100.50714874267578125;-100.50714874267578125
1418743556.4435515404;-99.16820526123046875;-99.16820526123046875
1418747352.6473476887;-96.58124542236328125;-96.58124542236328125
1418751148.851143837;-94.3837432861328125;-94.3837432861328125
1418754945.0549399853;-92.5483245849609375;-92.5483245849609375
1418758741.2587361336;-91.103668212890625;-91.103668212890625
1418762537.4625322819;-89.74474334716796875;-89.74474334716796875
1418766333.6663284302;-88.465911865234375;-88.465911865234375
1418770129.8701245785;-87.35143280029296875;-87.35143280029296875
1418773926.0739207268;-86.44537353515625;-86.44537353515625
1418777722.2777168751;-85.7753753662109375;-85.7753753662109375
1418781518.4815130234;-85.4041290283203125;-85.4041290283203125
1418785314.6853091717;-85.33173370361328125;-85.33173370361328125
1418789110.88910532;-85.3678436279296875;-85.3678436279296875
1418792907.0929014683;-85.6623077392578125;-85.6623077392578125
1418796703.2966976166;-86.4044647216796875;-86.4044647216796875
1418800499.5004937649;-87.53522491455078125;-87.53522491455078125
1418804295.7042899132;-89.10955810546875;-89.10955810546875
1418808091.9080860615;-91.033843994140625;-91.033843994140625
1418811888.1118822098;-93.14751434326171875;-93.14751434326171875
1418815684.3156783581;-94.91024017333984375;-94.91024017333984375
1418819480.5194745064;-94.9102325439453125;-94.9102325439453125
1418823276.7232706547;-92.97202301025390625;-92.97202301025390625
1418827072.927066803;-90.62659454345703125;-90.62659454345703125
1418830869.1308629513;-88.46582794189453125;-88.46582794189453125
1418834665.3346590996;-86.694671630859375;-86.694671630859375
1418838461.5384552479;-85.2598876953125;-85.2598876953125
1418842257.7422513962;-84.1538238525390625;-84.1538238525390625
1418846053.9460475445;-83.371856689453125;-83.371856689453125
1418849850.1498436928;-82.84189605712890625;-82.84189605712890625
1418853646.3536398411;-82.523101806640625;-82.523101806640625
1418857442.5574359894;-82.4193878173828125;-82.4193878173828125
1418861238.7612321377;-82.4193878173828125;-82.4193878173828125
1418865034.965028286;-82.57541656494140625;-82.57541656494140625
1418868831.1688244343;-82.9507904052734375;-82.9507904052734375
1418872627.3726205826;-83.57552337646484375;-83.57552337646484375
1418876423.5764167309;-84.53987884521484375;-84.53987884521484375
1418880219.7802128792;-85.73740386962890625;-85.73740386962890625
1418884015.9840090275;-86.9948883056640625;-86.9948883056640625
1418887812.1878051758;-87.44271087646484375;-87.44271087646484375
1418891608.3916013241;-86.5690155029296875;-86.5690155029296875
1418895404.5953974724;-85.6621856689453125;-85.6621856689453125
1418899200.7991936207;-85.04795074462890625;-85.04795074462890625
1418902997.002989769;-84.8752593994140625;-84.8752593994140625
1418906793.2067859173;-84.87525177001953125;-84.87525177001953125
1418910589.4105820656;-85.1885986328125;-85.1885986328125
1418914385.6143782139;-85.9282684326171875;-85.9282684326171875
1418918181.8181743622;-87.1712188720703125;-87.1712188720703125
1418921978.0219705105;-88.88950347900390625;-88.88950347900390625
1418925774.2257666588;-91.10346221923828125;-91.10346221923828125
1418929570.4295628071;-93.32646942138671875;-93.32646942138671875
1418933366.6333589554;-93.98409271240234375;-93.98409271240234375
1418937162.8371551037;-92.548095703125;-92.548095703125
1418940959.040951252;-91.3161773681640625;-91.3161773681640625
1418944755.2447474003;-90.494842529296875;-90.494842529296875
1418948551.4485435486;-90.174285888671875;-90.174285888671875
1418952347.6523396969;-90.111572265625;-90.111572265625
1418956143.8561358452;-90.17427825927734375;-90.17427825927734375
1418959940.0599319935;-90.42975616455078125;-90.42975616455078125
1418963736.2637281418;-90.8276519775390625;-90.8276519775390625
1418967532.4675242901;-91.388214111328125;-91.388214111328125
1418971328.6713204384;-92.06537628173828125;-92.06537628173828125
1418975124.8751165867;-93.147308349609375;-93.147308349609375
1418978921.078912735;-94.9100341796875;-94.9100341796875
1418982717.2827088833;-97.40880584716796875;-97.40880584716796875
1418986513.4865050316;-96.71356201171875;-96.71356201171875
1418990309.6903011799;-93.059112548828125;-93.059112548828125
1418994105.8940973282;-90.174224853515625;-90.174224853515625
1418997902.0978934765;-88.11104583740234375;-88.11104583740234375
1419001698.3016896248;-86.69446563720703125;-86.69446563720703125
1419005494.5054857731;-85.77509307861328125;-85.77509307861328125
1419009290.7092819214;-85.2954864501953125;-85.2954864501953125
1419013086.9130780697;-85.11785888671875;-85.11785888671875
1419016883.116874218;-85.15308380126953125;-85.15308380126953125
1419020679.3206703663;-85.40383148193359375;-85.40383148193359375
1419024475.5244665146;-86.00568389892578125;-86.00568389892578125
1419028271.7282626629;-86.951171875;-86.951171875
1419032067.9320588112;-88.210845947265625;-88.210845947265625
1419035864.1358549595;-89.74439239501953125;-89.74439239501953125
1419039660.3396511078;-91.53411102294921875;-91.53411102294921875
1419043456.5434472561;-93.50919342041015625;-93.50919342041015625
1419047252.7472434044;-95.47052764892578125;-95.47052764892578125
1419051048.9510395527;-96.9849395751953125;-96.9849395751953125
1419054845.154835701;-96.0697784423828125;-96.0697784423828125
1419058641.3586318493;-94.69545745849609375;-94.69545745849609375
1419062437.5624279976;-93.5091705322265625;-93.5091705322265625
1419066233.7662241459;-92.88529205322265625;-92.88529205322265625
1419070029.9700202942;-92.7149658203125;-92.7149658203125
1419073826.1738164425;-92.885284423828125;-92.885284423828125
1419077622.3776125908;-93.60205078125;-93.60205078125
1419081418.5814087391;-95.12981414794921875;-95.12981414794921875
1419085214.7852048874;-97.4086761474609375;-97.4086761474609375
1419089010.9890010357;-100.71602630615234375;-100.71602630615234375
1419092807.192797184;-104.67223358154296875;-104.67223358154296875
1419096603.3965933323;-107.86623382568359375;-107.86623382568359375
1419100399.6003894806;-104.6722259521484375;-104.6722259521484375
1419104195.8041856289;-100.71600341796875;-100.71600341796875
1419107992.0079817772;-97.55463409423828125;-97.55463409423828125
1419111788.2117779255;-95.1297760009765625;-95.1297760009765625
1419115584.4155740738;-93.50910186767578125;-93.50910186767578125
1419119380.6193702221;-92.46553802490234375;-92.46553802490234375
1419123176.8231663704;-91.5340118408203125;-91.5340118408203125
1419126973.0269625187;-90.692779541015625;-90.692779541015625
1419130769.230758667;-89.62529754638671875;-89.62529754638671875
1419134565.4345548153;-88.51731109619140625;-88.51731109619140625
1419138361.6383509636;-87.4423980712890625;-87.4423980712890625
1419142157.8421471119;-86.56870269775390625;-86.56870269775390625
1419145954.0459432602;-86.005523681640625;-86.005523681640625
1419149750.2497394085;-85.81292724609375;-85.81292724609375
1419153546.4535355568;-85.81291961669921875;-85.81291961669921875
1419157342.6573317051;-86.0445556640625;-86.0445556640625
1419161138.8611278534;-86.65219879150390625;-86.65219879150390625
1419164935.0649240017;-87.6752471923828125;-87.6752471923828125
1419168731.26872015;-88.99845123291015625;-88.99845123291015625
1419172527.4725162983;-90.62616729736328125;-90.62616729736328125
1419176323.6763124466;-92.06512451171875;-92.06512451171875
1419180119.8801085949;-92.7995758056640625;-92.7995758056640625
1419183916.0839047432;-91.987213134765625;-91.987213134765625
1419187712.2877008915;-90.82736968994140625;-90.82736968994140625
1419191508.4914970398;-89.74420166015625;-89.74420166015625
1419195304.6952931881;-88.88916778564453125;-88.88916778564453125
1419199100.8990893364;-88.46537017822265625;-88.46537017822265625
1419202897.1028854847;-88.413818359375;-88.413818359375
1419206693.306681633;-88.465362548828125;-88.465362548828125
1419210489.5104777813;-88.94359588623046875;-88.94359588623046875
1419214285.7142739296;-89.987152099609375;-89.987152099609375
1419218081.9180700779;-91.173431396484375;-91.173431396484375
1419221878.1218662262;-92.4654083251953125;-92.4654083251953125
1419225674.3256623745;-92.0650634765625;-92.0650634765625
1419229470.5294585228;-90.62609100341796875;-90.62609100341796875
1419233266.7332546711;-88.943572998046875;-88.943572998046875
1419237062.9370508194;-87.39644622802734375;-87.39644622802734375
1419240859.1408469677;-86.0836639404296875;-86.0836639404296875
1419244655.344643116;-85.04752349853515625;-85.04752349853515625
1419248451.5484392643;-84.280120849609375;-84.280120849609375
1419252247.7522354126;-83.874603271484375;-83.874603271484375
1419256043.9560315609;-83.78363800048828125;-83.78363800048828125
1419259840.1598277092;-83.78363037109375;-83.78363037109375
1419263636.3636238575;-83.96649932861328125;-83.96649932861328125
1419267432.5674200058;-84.408782958984375;-84.408782958984375
1419271228.7712161541;-84.9434661865234375;-84.9434661865234375
1419275024.9750123024;-85.5132293701171875;-85.5132293701171875
1419278821.1788084507;-85.96649932861328125;-85.96649932861328125
1419282617.382604599;-86.08361053466796875;-86.08361053466796875
1419286413.5864007473;-85.81275177001953125;-85.81275177001953125
1419290209.7901968956;-85.4034881591796875;-85.4034881591796875
1419294005.9939930439;-85.047454833984375;-85.047454833984375
1419297802.1977891922;-84.77277374267578125;-84.77277374267578125
1419301598.4015853405;-84.73903656005859375;-84.73903656005859375
1419305394.6053814888;-84.77276611328125;-84.77276611328125
1419309190.8091776371;-85.08238983154296875;-85.08238983154296875
1419312987.0129737854;-85.81272125244140625;-85.81272125244140625
1419316783.2167699337;-87.08209228515625;-87.08209228515625
1419320579.420566082;-88.674530029296875;-88.674530029296875
1419324375.6243622303;-89.33452606201171875;-89.33452606201171875
1419328171.8281583786;-87.26025390625;-87.26025390625
1419331968.0319545269;-85.08235931396484375;-85.08235931396484375
1419335764.2357506752;-83.34253692626953125;-83.34253692626953125
1419339560.4395468235;-81.9913177490234375;-81.9913177490234375
1419343356.6433429718;-81.083526611328125;-81.083526611328125
1419347152.8471391201;-80.5478515625;-80.5478515625
1419350949.0509352684;-80.32222747802734375;-80.32222747802734375
1419354745.2547314167;-80.30199432373046875;-80.30199432373046875
1419358541.458527565;-80.42404937744140625;-80.42404937744140625
1419362337.6623237133;-80.82225799560546875;-80.82225799560546875
1419366133.8661198616;-81.60732269287109375;-81.60732269287109375
1419369930.0699160099;-82.680389404296875;-82.680389404296875
1419373726.2737121582;-84.02817535400390625;-84.02817535400390625
1419377522.4775083065;-85.33100128173828125;-85.33100128173828125
1419381318.6813044548;-85.5499725341796875;-85.5499725341796875
1419385114.8851006031;-84.0904388427734375;-84.0904388427734375
1419388911.0888967514;-82.41872406005859375;-82.41872406005859375
1419392707.2926928997;-80.99550628662109375;-80.99550628662109375
1419396503.496489048;-79.90706634521484375;-79.90706634521484375
1419400299.7002851963;-79.25647735595703125;-79.25647735595703125
1419404095.9040813446;-78.92269134521484375;-78.92269134521484375
1419407892.1078774929;-78.854034423828125;-78.854034423828125
1419411688.3116736412;-78.8711395263671875;-78.8711395263671875
1419415484.5154697895;-79.00928497314453125;-79.00928497314453125
1419419280.7192659378;-79.3103485107421875;-79.3103485107421875
1419423076.9230620861;-79.5849456787109375;-79.5849456787109375
1419426873.1268582344;-79.94571685791015625;-79.94571685791015625
1419430669.3306543827;-80.42395782470703125;-80.42395782470703125
1419434465.534450531;-81.0834197998046875;-81.0834197998046875
1419438261.7382466793;-82.0157623291015625;-82.0157623291015625
1419442057.9420428276;-83.45783233642578125;-83.45783233642578125
1419445854.1458389759;-85.4397125244140625;-85.4397125244140625
1419449650.3496351242;-88.21031951904296875;-88.21031951904296875
1419453446.5534312725;-91.90966796875;-91.90966796875
1419457242.7572274208;-95.70478057861328125;-95.70478057861328125
1419461038.9610235691;-95.24141693115234375;-95.24141693115234375
1419464835.1648197174;-94.28125762939453125;-94.28125762939453125
1419468631.3686158657;-93.98342132568359375;-93.98342132568359375
1419472427.572412014;-93.8863677978515625;-93.8863677978515625
1419476223.7762081623;-94.0815582275390625;-94.0815582275390625
1419480019.9800043106;-94.28124237060546875;-94.28124237060546875
1419483816.1838004589;-95.46997833251953125;-95.46997833251953125
1419487612.3875966072;-94.80150604248046875;-94.80150604248046875
1419491408.5913927555;-89.565948486328125;-94.80149078369140625
1419495204.7951889038;-85.29488372802734375;-85.29488372802734375
1419499000.9989850521;-82.04033660888671875;-82.04033660888671875
1419502797.2027812004;-79.79189300537109375;-79.79189300537109375
1419506593.4065773487;-78.32331085205078125;-78.32331085205078125
1419510389.610373497;-77.49544525146484375;-77.49544525146484375
1419514185.8141696453;-77.350433349609375;-77.350433349609375
1419517982.0179657936;-77.3936767578125;-77.3936767578125
1419521778.2217619419;-77.9301910400390625;-77.9301910400390625
1419525574.4255580902;-79.256317138671875;-79.256317138671875
1419529370.6293542385;-81.46739959716796875;-81.46739959716796875
1419533166.8331503868;-84.5062255859375;-84.5062255859375
1419536963.0369465351;-85.81244659423828125;-85.81244659423828125
1419540759.2407426834;-83.2001190185546875;-83.2001190185546875
1419544555.4445388317;-81.329864501953125;-81.329864501953125
1419548351.64833498;-80.3625640869140625;-80.3625640869140625
1419552147.8521311283;-80.2013397216796875;-80.2013397216796875
1419555944.0559272766;-80.22132110595703125;-80.22132110595703125
1419559740.2597234249;-80.7366485595703125;-80.7366485595703125
1419563536.4635195732;-81.9665374755859375;-81.9665374755859375
1419567332.6673157215;-83.9047393798828125;-83.9047393798828125
1419571128.8711118698;-86.52671051025390625;-86.52671051025390625
1419574925.0749080181;-90.04852294921875;-90.04852294921875
1419578721.2787041664;-93.4166107177734375;-93.4166107177734375
1419582517.4825003147;-95.704620361328125;-95.704620361328125
1419586313.686296463;-93.601409912109375;-93.601409912109375
1419590109.8900926113;-90.963653564453125;-90.963653564453125
1419593906.0938887596;-88.260498046875;-88.260498046875
1419597702.2976849079;-86.20192718505859375;-86.20192718505859375
1419601498.5014810562;-84.60503387451171875;-84.60503387451171875
1419605294.7052772045;-83.0324554443359375;-83.0324554443359375
1419609090.9090733528;-81.4442291259765625;-81.4442291259765625
1419612887.1128695011;-79.45548248291015625;-79.45548248291015625
1419616683.3166656494;-77.42250823974609375;-77.42250823974609375
1419620479.5204617977;-75.5279083251953125;-75.5279083251953125
1419624275.724257946;-73.9929962158203125;-73.9929962158203125
1419628071.9280540943;-72.82460784912109375;-72.82460784912109375
1419631868.1318502426;-72.1037750244140625;-72.1037750244140625
1419635664.3356463909;-71.80249786376953125;-71.80249786376953125
1419639460.5394425392;-71.787322998046875;-71.787322998046875
1419643256.7432386875;-71.95568084716796875;-71.95568084716796875
1419647052.9470348358;-72.55548858642578125;-72.55548858642578125
1419650849.1508309841;-73.6952362060546875;-73.6952362060546875
1419654645.3546271324;-75.4235687255859375;-75.4235687255859375
1419658441.5584232807;-77.868743896484375;-77.868743896484375
1419662237.762219429;-81.12744903564453125;-81.12744903564453125
1419666033.9660155773;-84.90856170654296875;-84.90856170654296875
1419669830.1698117256;-84.40827178955078125;-84.40827178955078125
1419673626.3736078739;-82.8679656982421875;-82.8679656982421875
1419677422.5774040222;-82.470062255859375;-82.470062255859375
1419681218.7812001705;-82.49602508544921875;-82.49602508544921875
1419685014.9849963188;-83.1437225341796875;-83.1437225341796875
1419688811.1887924671;-85.08191680908203125;-85.08191680908203125
1419692607.3925886154;-88.6212615966796875;-88.6212615966796875
1419696403.5963847637;-89.39139556884765625;-89.39139556884765625
1419700199.800180912;-85.623809814453125;-85.623809814453125
1419703996.0039770603;-83.2281646728515625;-83.2281646728515625
1419707792.2077732086;-81.86904144287109375;-81.86904144287109375
1419711588.4115693569;-81.28429412841796875;-81.28429412841796875
1419715384.6153655052;-81.08306884765625;-81.08306884765625
1419719180.8191616535;-81.08306884765625;-81.08306884765625
1419722977.0229578018;-80.6940765380859375;-80.6940765380859375
1419726773.2267539501;-79.7916107177734375;-79.7916107177734375
1419730569.4305500984;-78.5017852783203125;-78.5017852783203125
1419734365.6343462467;-77.1370849609375;-77.1370849609375
1419738161.838142395;-75.9702301025390625;-75.9702301025390625
1419741958.0419385433;-74.9744720458984375;-74.9744720458984375
1419745754.2457346916;-74.22052001953125;-74.22052001953125
1419749550.4495308399;-73.68567657470703125;-73.68567657470703125
1419753346.6533269882;-73.30736541748046875;-73.30736541748046875
1419757142.8571231365;-73.09332275390625;-73.09332275390625
1419760939.0609192848;-72.99695587158203125;-72.99695587158203125
1419764735.2647154331;-72.95349884033203125;-72.95349884033203125
1419768531.4685115814;-72.9621734619140625;-72.9621734619140625
1419772327.6723077297;-73.02310943603515625;-73.02310943603515625
1419776123.876103878;-73.1818389892578125;-73.1818389892578125
1419779920.0799000263;-73.4163665771484375;-73.4163665771484375
1419783716.2836961746;-73.78046417236328125;-73.78046417236328125
1419787512.4874923229;-74.30107879638671875;-74.30107879638671875
1419791308.6912884712;-74.91988372802734375;-74.91988372802734375
1419795104.8950846195;-75.69246673583984375;-75.69246673583984375
1419798901.0988807678;-76.593109130859375;-76.593109130859375
1419802697.3026769161;-77.5097198486328125;-77.5097198486328125
1419806493.5064730644;-78.35515594482421875;-78.35515594482421875
1419810289.7102692127;-78.9740447998046875;-78.9740447998046875
1419814085.914065361;-78.60076141357421875;-78.60076141357421875
1419817882.1178615093;-77.85329437255859375;-77.85329437255859375
1419821678.3216576576;-76.9701995849609375;-76.9701995849609375
1419825474.5254538059;-76.1061248779296875;-76.1061248779296875
1419829270.7292499542;-75.43487548828125;-75.43487548828125
1419833066.9330461025;-74.9962615966796875;-74.9962615966796875
1419836863.1368422508;-74.77964019775390625;-74.77964019775390625
1419840659.3406383991;-74.758270263671875;-74.758270263671875
1419844455.5444345474;-74.80104827880859375;-74.80104827880859375
1419848251.7482306957;-75.04022216796875;-75.04022216796875
1419852047.952026844;-75.481109619140625;-75.481109619140625
1419855844.1558229923;-76.16861724853515625;-76.16861724853515625
1419859640.3596191406;-77.5979766845703125;-77.5979766845703125
1419863436.5634152889;-81.0168304443359375;-92.38304901123046875
1419867232.7672114372;-83.3418731689453125;-101.14943695068359375
1419871028.9710075855;-75.02918243408203125;-83.14349365234375
1419874825.1748037338;-70.21097564697265625;-70.21097564697265625
1419878621.3785998821;-66.31386566162109375;-66.31386566162109375
1419882417.5823960304;-62.4620361328125;-62.4620361328125
1419886213.7861921787;-58.3712158203125;-58.3712158203125
1419890009.989988327;-54.15240478515625;-54.15240478515625
1419893806.1937844753;-50.022113800048828125;-50.022113800048828125
1419897602.3975806236;-46.118682861328125;-46.118682861328125
1419901398.6013767719;-42.4736785888671875;-42.4736785888671875
1419905194.8051729202;-39.05876922607421875;-39.05876922607421875
1419908991.0089690685;-35.825595855712890625;-35.825595855712890625
1419912787.2127652168;-32.734355926513671875;-32.734355926513671875
1419916583.4165613651;-29.76369476318359375;-29.76369476318359375
1419920379.6203575134;-26.914392471313476563;-26.914392471313476563
1419924175.8241536617;-24.186056137084960938;-24.186056137084960938
1419927972.02794981;-21.586874008178710938;-21.586874008178710938
1419931768.2317459583;-19.123476028442382813;-19.123476028442382813
1419935564.4355421066;-16.799589157104492188;-16.799589157104492188
1419939360.6393382549;-14.616526603698730469;-14.616526603698730469
1419943156.8431344032;-12.5741729736328125;-12.5741729736328125
1419946953.0469305515;-10.671847343444824219;-10.671847343444824219
1419950749.2507266998;-8.9088392257690429688;-8.9088392257690429688
1419954545.4545228481;-7.2846627235412597656;-7.2846627235412597656
1419958341.6583189964;-5.7991156578063964844;-5.7991156578063964844
1419962137.8621151447;-4.452175140380859375;-4.452175140380859375
1419965934.065911293;-3.2439403533935546875;-3.2439403533935546875
1419969730.2697074413;-2.1745164394378662109;-2.1745164394378662109
1419973526.4735035896;-1.2439953088760375977;-1.2439953088760375977
1419977322.6772997379;-0.45240330696105957031;-0.45240330696105957031
1419981118.8810958862;0.1995296776294708252;0.1995296776294708252
1419984915.0848920345;0.71271967887878417969;0.71271967887878417969
1419988711.2886881828;1.0871431827545166016;1.0871431827545166016
1419992507.4924843311;1.3227906227111816406;1.3227906227111816406
1419996303.6962804794;1.4196474552154541016;1.4196474552154541016
1420000099.9000766277;1.4232324361801147461;1.4232324361801147461
1420003896.103872776;1.3759423494338989258;1.3759423494338989258
1420007692.3076689243;1.1931085586547851563;1.1931085586547851563
1420011488.5114650726;0.87147277593612670898;0.87147277593612670898
1420015284.7152612209;0.41103640198707580566;0.41103640198707580566
1420019080.9190573692;-0.18820767104625701904;-0.18820767104625701904
1420022877.1228535175;-0.92627161741256713867;-0.92627161741256713867
1420026673.3266496658;-1.803150177001953125;-1.803150177001953125
1420030469.5304458141;-2.818820953369140625;-2.818820953369140625
1420034265.7342419624;-3.9732193946838378906;-3.9732193946838378906
1420038061.9380381107;-5.2661962509155273438;-5.2661962509155273438
1420041858.141834259;-6.6993689537048339844;-6.6993689537048339844
1420045654.3456304073;-8.2711811065673828125;-8.2711811065673828125
1420049450.5494265556;-9.9814920425415039063;-9.9814920425415039063
1420053246.7532227039;-11.830224990844726563;-11.830224990844726563
1420057042.9570188522;-13.817399978637695313;-13.817399978637695313
1420060839.1608150005;-15.943066596984863281;-15.943066596984863281
1420064635.3646111488;-18.207105636596679688;-18.207105636596679688
1420068431.5684072971;-20.609409332275390625;-20.609409332275390625
1420072227.7722034454;-23.15019989013671875;-23.15019989013671875
1420076023.9759995937;-25.831478118896484375;-25.831478118896484375
1420079820.179795742;-28.658031463623046875;-28.658031463623046875
1420083616.3835918903;-31.637477874755859375;-31.637477874755859375
1420087412.5873880386;-34.775104522705078125;-34.775104522705078125
1420091208.7911841869;-38.0634307861328125;-38.0634307861328125
1420095004.9949803352;-41.468242645263671875;-41.468242645263671875
1420098801.1987764835;-44.929279327392578125;-44.929279327392578125
1420102597.4025726318;-48.40903472900390625;-48.40903472900390625
1420106393.6063687801;-51.934967041015625;-51.934967041015625
1420110189.8101649284;-55.642246246337890625;-55.642246246337890625
1420113986.0139610767;-59.69255828857421875;-59.69255828857421875
1420117782.217757225;-64.13329315185546875;-64.13329315185546875
1420121578.4215533733;-68.7746734619140625;-68.7746734619140625
1420125374.6253495216;-73.288787841796875;-73.288787841796875
1420129170.8291456699;-77.792083740234375;-83.00411224365234375
1420132967.0329418182;-83.08721923828125;-89.92453765869140625
1420136763.2367379665;-88.51596832275390625;-88.51596832275390625
1420140559.4405341148;-83.17113494873046875;-88.41255950927734375
1420144355.6443302631;-80.0422210693359375;-80.0422210693359375
1420148151.8481264114;-78.194671630859375;-78.194671630859375
1420151948.0519225597;-77.08051300048828125;-77.08051300048828125
1420155744.255718708;-76.4747467041015625;-76.4747467041015625
1420159540.4595148563;-76.32009124755859375;-76.32009124755859375
1420163336.6633110046;-76.33286285400390625;-76.33286285400390625
1420167132.8671071529;-76.64542388916015625;-76.64542388916015625
1420170929.0709033012;-77.4217071533203125;-77.4217071533203125
1420174725.2746994495;-78.76789093017578125;-78.76789093017578125
1420178521.4784955978;-80.693389892578125;-80.693389892578125
1420182317.6822917461;-82.97647857666015625;-82.97647857666015625
1420186113.8860878944;-85.0811767578125;-85.0811767578125
1420189910.0898840427;-86.28113555908203125;-86.28113555908203125
1420193706.293680191;-86.240997314453125;-86.240997314453125
1420197502.4974763393;-86.28112030029296875;-86.28112030029296875
1420201298.7012724876;-86.8631591796875;-86.8631591796875
1420205094.9050686359;-88.15918731689453125;-88.15918731689453125
1420208891.1088647842;-90.36348724365234375;-90.36348724365234375
1420212687.3126609325;-93.05745697021484375;-93.05745697021484375
1420216483.5164570808;-90.10985565185546875;-90.10985565185546875
1420220279.7202532291;-87.53331756591796875;-87.53331756591796875
1420224075.9240493774;-85.81143951416015625;-85.81143951416015625
1420227872.1278455257;-84.7041473388671875;-84.7041473388671875
1420231668.331641674;-83.90375518798828125;-83.90375518798828125
1420235464.5354378223;-83.31264495849609375;-83.31264495849609375
1420239260.7392339706;-82.5998382568359375;-82.5998382568359375
1420243056.9430301189;-81.7004852294921875;-81.7004852294921875
1420246853.1468262672;-80.7782135009765625;-80.7782135009765625
1420250649.3506224155;-79.86733245849609375;-79.86733245849609375
1420254445.5544185638;-79.04296112060546875;-79.04296112060546875
1420258241.7582147121;-78.38678741455078125;-78.38678741455078125
1420262037.9620108604;-77.88311004638671875;-77.88311004638671875
1420265834.1658070087;-77.45058441162109375;-77.45058441162109375
1420269630.369603157;-77.1362457275390625;-77.1362457275390625
1420273426.5733993053;-76.88726806640625;-76.88726806640625
1420277222.7771954536;-76.71178436279296875;-76.71178436279296875
1420281018.9809916019;-76.685089111328125;-76.685089111328125
1420284815.1847877502;-76.69841766357421875;-76.69841766357421875
1420288611.3885838985;-76.79230499267578125;-76.79230499267578125
1420292407.5923800468;-77.01082611083984375;-77.01082611083984375
1420296203.7961761951;-77.36367034912109375;-77.36367034912109375
1420299999.9999723434;-77.76155853271484375;-77.76155853271484375
1420303796.2037684917;-78.2740020751953125;-78.2740020751953125
1420307592.40756464;-78.76764678955078125;-78.76764678955078125
1420311388.6113607883;-79.20159149169921875;-79.20159149169921875
1420315184.8151569366;-79.43610382080078125;-79.43610382080078125
1420318981.0189530849;-79.13066864013671875;-79.13066864013671875
1420322777.2227492332;-78.4517364501953125;-78.4517364501953125
1420326573.4265453815;-77.597198486328125;-77.597198486328125
1420330369.6303415298;-76.7250518798828125;-76.7250518798828125
1420334165.8341376781;-75.9447784423828125;-75.9447784423828125
1420337962.0379338264;-75.3994903564453125;-75.3994903564453125
1420341758.2417299747;-75.01738739013671875;-75.01738739013671875
1420345554.445526123;-74.86479949951171875;-74.86479949951171875
1420349350.6493222713;-74.8539886474609375;-74.8539886474609375
1420353146.8531184196;-74.88642120361328125;-74.88642120361328125
1420356943.0569145679;-75.16147613525390625;-75.16147613525390625
1420360739.2607107162;-75.6441497802734375;-75.6441497802734375
1420364535.4645068645;-76.448394775390625;-76.448394775390625
1420368331.6683030128;-77.62676239013671875;-77.62676239013671875
1420372127.8720991611;-79.308929443359375;-79.308929443359375
1420375924.0758953094;-81.5124359130859375;-81.5124359130859375
1420379720.2796914577;-84.3425750732421875;-84.3425750732421875
1420383516.483487606;-87.4866943359375;-87.4866943359375
1420387312.6872837543;-88.88744354248046875;-88.88744354248046875
1420391108.8910799026;-86.7772369384765625;-86.7772369384765625
1420394905.0948760509;-84.57071685791015625;-84.57071685791015625
1420398701.2986721992;-82.7857666015625;-82.7857666015625
1420402497.5024683475;-81.30583953857421875;-81.30583953857421875
1420406293.7062644958;-80.02214813232421875;-80.02214813232421875
1420410089.9100606441;-79.02521514892578125;-79.02521514892578125
1420413886.1138567924;-78.25782012939453125;-78.25782012939453125
1420417682.3176529408;-77.74626922607421875;-77.74626922607421875
1420421478.5214490891;-77.52335357666015625;-77.52335357666015625
1420425274.7252452374;-77.523345947265625;-77.523345947265625
1420429070.9290413857;-77.70121002197265625;-77.70121002197265625
1420432867.132837534;-78.19415283203125;-78.19415283203125
1420436663.3366336823;-79.0776519775390625;-79.0776519775390625
1420440459.5404298306;-80.28020477294921875;-80.28020477294921875
1420444255.7442259789;-81.67641448974609375;-81.67641448974609375
1420448051.9480221272;-82.97599029541015625;-82.97599029541015625
1420451848.1518182755;-84.0265655517578125;-84.0265655517578125
1420455644.3556144238;-84.0576324462890625;-84.0576324462890625
1420459440.5594105721;-83.485382080078125;-83.485382080078125
1420463236.7632067204;-82.9211578369140625;-82.9211578369140625
1420467032.9670028687;-82.6257781982421875;-82.6257781982421875
1420470829.170799017;-82.62577056884765625;-82.62577056884765625
1420474625.3745951653;-82.75878143310546875;-82.75878143310546875
1420478421.5783913136;-83.4853515625;-83.4853515625
1420482217.7821874619;-84.94165802001953125;-84.94165802001953125
1420486013.9859836102;-87.57939910888671875;-87.57939910888671875
1420489810.1897797585;-91.98528289794921875;-97.40662384033203125
1420493606.3935759068;-92.5458526611328125;-92.5458526611328125
1420497402.5973720551;-87.6262054443359375;-87.6262054443359375
1420501198.8011682034;-84.63681793212890625;-84.63681793212890625
1420504995.0049643517;-82.57305908203125;-82.57305908203125
1420508791.2087605;-81.17063140869140625;-81.17063140869140625
1420512587.4125566483;-80.1798858642578125;-80.1798858642578125
1420516383.6163527966;-79.54615020751953125;-79.54615020751953125
1420520179.8201489449;-79.29065704345703125;-79.29065704345703125
1420523976.0239450932;-79.2726898193359375;-79.2726898193359375
1420527772.2277412415;-79.34476470947265625;-79.34476470947265625
1420531568.4315373898;-79.90532684326171875;-79.90532684326171875
1420535364.6353335381;-80.9501190185546875;-80.9501190185546875
1420539160.8391296864;-82.57300567626953125;-82.57300567626953125
1420542957.0429258347;-84.83875274658203125;-84.83875274658203125
1420546753.246721983;-86.69219970703125;-86.69219970703125
1420550549.4505181313;-84.57042694091796875;-84.57042694091796875
1420554345.6543142796;-82.39119720458984375;-82.39119720458984375
1420558141.8581104279;-80.82042694091796875;-80.82042694091796875
1420561938.0619065762;-79.69550323486328125;-79.69550323486328125
1420565734.2657027245;-79.05988311767578125;-79.05988311767578125
1420569530.4694988728;-78.750244140625;-78.750244140625
1420573326.6732950211;-78.6996917724609375;-78.6996917724609375
1420577122.8770911694;-78.7333526611328125;-78.7333526611328125
1420580919.0808873177;-79.0423583984375;-79.0423583984375
1420584715.284683466;-79.67664337158203125;-79.67664337158203125
1420588511.4884796143;-80.6294708251953125;-80.6294708251953125
1420592307.6922757626;-82.01396942138671875;-82.01396942138671875
1420596103.8960719109;-83.9337310791015625;-83.9337310791015625
1420599900.0998680592;-86.44272613525390625;-86.44272613525390625
1420603696.3036642075;-89.8627166748046875;-89.8627166748046875
1420607492.5074603558;-94.58786773681640625;-94.58786773681640625
1420611288.7112565041;-95.9442596435546875;-95.9442596435546875
1420615084.9150526524;-91.9078521728515625;-91.9078521728515625
1420618881.1188488007;-89.218994140625;-89.218994140625
1420622677.322644949;-87.303375244140625;-87.303375244140625
1420626473.5264410973;-86.08155059814453125;-86.08155059814453125
1420630269.7302372456;-85.40143585205078125;-85.40143585205078125
1420634065.9340333939;-85.32904052734375;-85.32904052734375
1420637862.1378295422;-85.36515045166015625;-85.36515045166015625
1420641658.3416256905;-86.0815277099609375;-86.0815277099609375
1420645454.5454218388;-87.6259307861328125;-87.6259307861328125
1420649250.7492179871;-90.29857635498046875;-90.29857635498046875
1420653046.9530141354;-91.75539398193359375;-91.75539398193359375
1420656843.1568102837;-87.9609375;-87.9609375
1420660639.360606432;-84.975860595703125;-84.975860595703125
1420664435.5644025803;-83.00312042236328125;-83.00312042236328125
1420668231.7681987286;-81.7472991943359375;-81.7472991943359375
1420672027.9719948769;-81.03737640380859375;-81.03737640380859375
1420675824.1757910252;-80.79878997802734375;-80.79878997802734375
1420679620.3795871735;-80.77741241455078125;-80.77741241455078125
1420683416.5833833218;-80.90641021728515625;-80.90641021728515625
1420687212.7871794701;-81.35079193115234375;-81.35079193115234375
1420691008.9909756184;-82.03842926025390625;-82.03842926025390625
1420694805.1947717667;-82.948089599609375;-82.948089599609375
1420698601.398567915;-83.96428680419921875;-83.96428680419921875
1420702397.6023640633;-84.8384552001953125;-84.8384552001953125
1420706193.8061602116;-85.58493804931640625;-85.58493804931640625
1420709990.0099563599;-86.00315093994140625;-86.00315093994140625
1420713786.2137525082;-86.2400360107421875;-86.2400360107421875
1420717582.4175486565;-86.36095428466796875;-86.36095428466796875
1420721378.6213448048;-86.40163421630859375;-86.40163421630859375
1420725174.8251409531;-86.60794830322265625;-86.60794830322265625
1420728971.0289371014;-87.0359039306640625;-87.0359039306640625
1420732767.2327332497;-87.7677764892578125;-87.7677764892578125
1420736563.436529398;-89.05120086669921875;-89.05120086669921875
1420740359.6403255463;-90.82498931884765625;-90.82498931884765625
1420744155.8441216946;-93.1446533203125;-93.1446533203125
1420747952.0479178429;-96.1921844482421875;-96.1921844482421875
1420751748.2517139912;-100.1001129150390625;-105.36495208740234375
1420755544.4555101395;-105.36493682861328125;-117.4061279296875
1420759340.6593062878;-112.14128875732421875;-120.927947998046875
1420763136.8631024361;-104.34188079833984375;-111.38552093505859375
1420766933.0668985844;-99.5271759033203125;-99.5271759033203125
1420770729.2706947327;-96.19214630126953125;-96.19214630126953125
1420774525.474490881;-93.323699951171875;-93.323699951171875
1420778321.6782870293;-90.82491302490234375;-90.82491302490234375
1420782117.8820831776;-88.941162109375;-88.941162109375
1420785914.0858793259;-87.5322723388671875;-87.5322723388671875
1420789710.2896754742;-86.60782623291015625;-86.60782623291015625
1420793506.4934716225;-86.239898681640625;-86.239898681640625
1420797302.6972677708;-86.19995880126953125;-86.19995880126953125
1420801098.9010639191;-86.3607940673828125;-86.3607940673828125
1420804895.1048600674;-86.81914520263671875;-86.81914520263671875
1420808691.3086562157;-87.53223419189453125;-87.53223419189453125
1420812487.512452364;-88.05879974365234375;-88.05879974365234375
1420816283.7162485123;-87.39397430419921875;-87.39397430419921875
1420820079.9200446606;-86.56610870361328125;-86.56610870361328125
1420823876.1238408089;-85.810333251953125;-85.810333251953125
1420827672.3276369572;-85.47406005859375;-85.47406005859375
1420831468.5314331055;-85.47405242919921875;-85.47405242919921875
1420835264.7352292538;-85.62189483642578125;-85.62189483642578125
1420839060.9390254021;-86.27993011474609375;-86.27993011474609375
1420842857.1428215504;-87.48583984375;-87.48583984375
1420846653.3466176987;-89.50525665283203125;-89.50525665283203125
1420850449.550413847;-92.62831878662109375;-97.85149383544921875
1420854245.7542099953;-98.1617279052734375;-110.6901092529296875
1420858041.9580061436;-101.842926025390625;-112.14110565185546875
1420861838.1618022919;-95.8223114013671875;-101.6049346923828125
1420865634.3655984402;-92.7969512939453125;-92.7969512939453125
1420869430.5693945885;-90.9615325927734375;-90.9615325927734375
1420873226.7731907368;-89.68187713623046875;-89.68187713623046875
1420877022.9769868851;-88.61925506591796875;-88.61925506591796875
1420880819.1807830334;-87.62548828125;-87.62548828125
1420884615.3845791817;-86.7338409423828125;-86.7338409423828125
1420888411.58837533;-85.96395111083984375;-85.96395111083984375
1420892207.7921714783;-85.47393798828125;-85.47393798828125
1420896003.9959676266;-85.221099853515625;-85.221099853515625
1420899800.1997637749;-85.22109222412109375;-85.22109222412109375
1420903596.4035599232;-85.32854461669921875;-85.32854461669921875
1420907392.6073560715;-85.7721710205078125;-85.7721710205078125
1420911188.8111522198;-86.565948486328125;-86.565948486328125
1420914985.0149483681;-87.67250823974609375;-87.67250823974609375
1420918781.2187445164;-88.9957122802734375;-88.9957122802734375
1420922577.4225406647;-90.42675018310546875;-90.42675018310546875
1420926373.626336813;-91.67967987060546875;-91.67967987060546875
1420930169.8301329613;-92.71208953857421875;-92.71208953857421875
1420933966.0339291096;-93.32340240478515625;-93.32340240478515625
1420937762.2377252579;-93.323394775390625;-93.323394775390625
1420941558.4415214062;-93.0561065673828125;-93.0561065673828125
1420945354.6453175545;-92.88237762451171875;-92.88237762451171875
1420949150.8491137028;-92.79679107666015625;-92.79679107666015625
1420952947.0529098511;-92.88236236572265625;-92.88236236572265625
1420956743.2567059994;-93.2333526611328125;-93.2333526611328125
1420960539.4605021477;-93.98097991943359375;-93.98097991943359375
1420964335.664298296;-95.4675445556640625;-95.4675445556640625
1420968131.8680944443;-97.7002105712890625;-97.7002105712890625
1420971928.0718905926;-101.3730926513671875;-107.86330413818359375
1420975724.2756867409;-108.35977935791015625;-118.989349365234375
1420979520.4794828892;-103.42632293701171875;-114.9069366455078125
1420983316.6832790375;-98.32086181640625;-103.4263153076171875
1420987112.8870751858;-94.79903411865234375;-94.79903411865234375
1420990909.0908713341;-92.14086151123046875;-92.14086151123046875
1420994705.2946674824;-89.9843292236328125;-89.9843292236328125
1420998501.4984636307;-88.20778656005859375;-88.20778656005859375
1421002297.702259779;-86.6913604736328125;-86.6913604736328125
1421006093.9060559273;-85.54734039306640625;-85.54734039306640625
1421009890.1098520756;-84.669219970703125;-84.669219970703125
1421013686.3136482239;-84.11908721923828125;-84.11908721923828125
1421017482.5174443722;-83.81104278564453125;-83.81104278564453125
1421021278.7212405205;-83.72071075439453125;-83.72071075439453125
1421025074.9250366688;-83.720703125;-83.720703125
1421028871.1288328171;-83.84133148193359375;-83.84133148193359375
1421032667.3326289654;-84.0565643310546875;-84.0565643310546875
1421036463.5364251137;-84.3092498779296875;-84.3092498779296875
1421040259.740221262;-84.60260772705078125;-84.60260772705078125
1421044055.9440174103;-85.00981903076171875;-85.00981903076171875
1421047852.1478135586;-85.54726409912109375;-85.54726409912109375
1421051648.3516097069;-86.3198394775390625;-86.3198394775390625
1421055444.5554058552;-87.43936920166015625;-87.43936920166015625
1421059240.7592020035;-88.995452880859375;-88.995452880859375
1421063036.9629981518;-91.03038787841796875;-91.03038787841796875
1421066833.1667943001;-93.787750244140625;-93.787750244140625
1421070629.3705904484;-97.85107421875;-102.8655853271484375
1421074425.5743865967;-102.865570068359375;-102.865570068359375
1421078221.778182745;-99.90431976318359375;-99.90431976318359375
1421082017.9819788933;-97.8510589599609375;-97.8510589599609375
1421085814.1857750416;-97.40552520751953125;-97.40552520751953125
1421089610.3895711899;-97.699981689453125;-97.699981689453125
1421093406.5933673382;-99.16461181640625;-99.16461181640625
1421097202.7971634865;-103.4261016845703125;-114.9067230224609375
1421100999.0009596348;-102.33895111083984375;-114.90671539306640625
1421104795.2047557831;-96.19153594970703125;-102.3389434814453125
1421108591.4085519314;-92.71175384521484375;-92.71175384521484375
1421112387.6123480797;-90.42639923095703125;-90.42639923095703125
1421116183.816144228;-88.83197784423828125;-88.83197784423828125
1421119980.0199403763;-87.62505340576171875;-87.62505340576171875
1421123776.2237365246;-86.77587890625;-86.77587890625
1421127572.4275326729;-86.12001800537109375;-86.12001800537109375
1421131368.6313288212;-85.62134552001953125;-85.62134552001953125
1421135164.8351249695;-85.2563323974609375;-85.2563323974609375
1421138961.0389211178;-85.0794219970703125;-85.0794219970703125
1421142757.2427172661;-85.04445648193359375;-85.04445648193359375
1421146553.4465134144;-85.114501953125;-85.114501953125
1421150349.6503095627;-85.328094482421875;-85.328094482421875
1421154145.854105711;-85.7717132568359375;-85.7717132568359375
1421157942.0579018593;-86.4416961669921875;-86.4416961669921875
1421161738.2616980076;-87.3023834228515625;-87.3023834228515625
1421165534.4654941559;-88.2578277587890625;-88.2578277587890625
1421169330.6692903042;-89.33152008056640625;-89.33152008056640625
1421173126.8730864525;-90.4262847900390625;-90.4262847900390625
1421176923.0768826008;-91.530731201171875;-91.530731201171875
1421180719.2806787491;-92.6277008056640625;-92.6277008056640625
1421184515.4844748974;-93.78753662109375;-93.78753662109375
1421188311.6882710457;-94.90656280517578125;-94.90656280517578125
1421192107.892067194;-96.0663909912109375;-96.0663909912109375
1421195904.0958633423;-96.84474945068359375;-96.84474945068359375
1421199700.2996594906;-95.3520660400390625;-95.3520660400390625
1421203496.5034556389;-93.41385650634765625;-93.41385650634765625
1421207292.7072517872;-91.60460662841796875;-91.60460662841796875
1421211088.9110479355;-90.1707305908203125;-90.1707305908203125
1421214885.1148440838;-89.16167449951171875;-89.16167449951171875
1421218681.3186402321;-88.4621124267578125;-88.4621124267578125
1421222477.5224363804;-88.05803680419921875;-88.05803680419921875
1421226273.7262325287;-87.911224365234375;-87.911224365234375
1421230069.930028677;-87.9112091064453125;-87.9112091064453125
1421233866.1338248253;-87.959869384765625;-87.959869384765625
1421237662.3376209736;-88.25769805908203125;-88.25769805908203125
1421241458.5414171219;-88.56610107421875;-88.56610107421875
1421245254.7452132702;-88.99510955810546875;-88.99510955810546875
1421249050.9490094185;-89.5045166015625;-89.5045166015625
1421252847.1528055668;-89.92246246337890625;-89.92246246337890625
1421256643.3566017151;-90.42613983154296875;-90.42613983154296875
1421260439.5603978634;-90.9608154296875;-90.9608154296875
1421264235.7641940117;-91.60449981689453125;-91.60449981689453125
1421268031.96799016;-92.5444183349609375;-92.5444183349609375
1421271828.1717863083;-93.98040771484375;-93.98040771484375
1421275624.3755824566;-95.94303131103515625;-95.94303131103515625
1421279420.5793786049;-98.8167877197265625;-98.8167877197265625
1421283216.7831747532;-102.3386077880859375;-102.3386077880859375
1421287012.9869709015;-99.343353271484375;-99.343353271484375
1421290809.1907670498;-96.31798553466796875;-96.31798553466796875
1421294605.3945631981;-94.0785064697265625;-94.0785064697265625
1421298401.5983593464;-92.54436492919921875;-92.54436492919921875
1421302197.8021554947;-91.24094390869140625;-91.24094390869140625
1421305994.005951643;-90.0455780029296875;-90.0455780029296875
1421309790.2097477913;-88.99498748779296875;-88.99498748779296875
1421313586.4135439396;-87.8626708984375;-87.8626708984375
1421317382.6173400879;-86.8610992431640625;-86.8610992431640625
1421321178.8211362362;-85.96315765380859375;-85.96315765380859375
1421324975.0249323845;-85.29180145263671875;-85.29180145263671875
1421328771.2287285328;-84.8032989501953125;-84.8032989501953125
1421332567.4325246811;-84.56897735595703125;-84.56897735595703125
1421336363.6363208294;-84.503173828125;-84.503173828125
1421340159.8401169777;-84.5689697265625;-84.5689697265625
1421343956.043913126;-84.80327606201171875;-84.80327606201171875
1421347752.2477092743;-85.25594329833984375;-85.25594329833984375
1421351548.4515054226;-85.80936431884765625;-85.80936431884765625
1421355344.6553015709;-86.40045928955078125;-86.40045928955078125
1421359140.8590977192;-86.81812286376953125;-86.81812286376953125
1421362937.0628938675;-86.6906890869140625;-86.6906890869140625
1421366733.2666900158;-86.3192596435546875;-86.3192596435546875
1421370529.4704861641;-85.96306610107421875;-85.96306610107421875
1421374325.6742823124;-85.6208953857421875;-85.6208953857421875
1421378121.8780784607;-85.509765625;-85.509765625
1421381918.081874609;-85.4730377197265625;-85.4730377197265625
1421385714.2856707573;-85.50975799560546875;-85.50975799560546875
1421389510.4894669056;-85.658233642578125;-85.658233642578125
1421393306.6932630539;-85.9243316650390625;-85.9243316650390625
1421397102.8970592022;-86.3596954345703125;-86.3596954345703125
1421400899.1008553505;-86.99090576171875;-86.99090576171875
1421404695.3046514988;-87.91089630126953125;-87.91089630126953125
1421408491.5084476471;-89.16130828857421875;-89.16130828857421875
1421412287.7122437954;-90.8237457275390625;-90.8237457275390625
1421416083.9160399437;-92.795928955078125;-92.795928955078125
1421419880.119836092;-94.69165802001953125;-94.69165802001953125
1421423676.3236322403;-94.69164276123046875;-94.69164276123046875
1421427472.5274283886;-93.78708648681640625;-93.78708648681640625
1421431268.7312245369;-93.23247528076171875;-93.23247528076171875
1421435064.9350206852;-93.14337921142578125;-93.14337921142578125
1421438861.1388168335;-93.413421630859375;-93.413421630859375
1421442657.3426129818;-94.58632659912109375;-94.58632659912109375
1421446453.5464091301;-96.446380615234375;-96.446380615234375
1421450249.7502052784;-99.7127227783203125;-99.7127227783203125
1421454045.9540014267;-103.14063262939453125;-103.14063262939453125
1421457842.157797575;-100.29850006103515625;-100.29850006103515625
1421461638.3615937233;-98.31998443603515625;-98.31998443603515625
1421465434.5653898716;-97.404815673828125;-97.404815673828125
1421469230.7691860199;-96.98102569580078125;-96.98102569580078125
1421473026.9729821682;-96.709564208984375;-96.709564208984375
1421476823.1767783165;-95.942657470703125;-95.942657470703125
1421480619.3805744648;-94.3794403076171875;-94.3794403076171875
1421484415.5843706131;-92.46169281005859375;-92.46169281005859375
1421488211.7881667614;-90.5563201904296875;-90.5563201904296875
1421492007.9919629097;-88.83127593994140625;-88.83127593994140625
1421495804.195759058;-87.5775299072265625;-87.5775299072265625
1421499600.3995552063;-86.64837646484375;-86.64837646484375
1421503396.6033513546;-86.11932373046875;-86.11932373046875
1421507192.8071475029;-85.92412567138671875;-85.92412567138671875
1421510989.0109436512;-85.88559722900390625;-85.88559722900390625
1421514785.2147397995;-86.0799102783203125;-86.0799102783203125
1421518581.4185359478;-86.606475830078125;-86.606475830078125
1421522377.6223320961;-87.39267730712890625;-87.39267730712890625
1421526173.8261282444;-88.40999603271484375;-88.40999603271484375
1421529970.0299243927;-89.503997802734375;-89.503997802734375
1421533766.233720541;-90.42562103271484375;-90.42562103271484375
1421537562.4375166893;-90.82350921630859375;-90.82350921630859375
1421541358.6413128376;-90.62227630615234375;-90.62227630615234375
1421545154.8451089859;-90.49066162109375;-90.49066162109375
1421548951.0489051342;-90.49065399169921875;-90.49065399169921875
1421552747.2527012825;-90.82347869873046875;-90.82347869873046875
1421556543.4564974308;-91.45673370361328125;-91.45673370361328125
1421560339.6602935791;-92.6269989013671875;-92.6269989013671875
1421564135.8640897274;-94.2776947021484375;-94.2776947021484375
1421567932.0678858757;-96.44615936279296875;-96.44615936279296875
1421571728.271682024;-98.81624603271484375;-98.81624603271484375
1421575524.4754781723;-100.50266265869140625;-100.50266265869140625
1421579320.6792743206;-100.29827117919921875;-100.29827117919921875
1421583116.8830704689;-99.52567291259765625;-99.52567291259765625
1421586913.0868666172;-98.98822021484375;-98.98822021484375
1421590709.2906627655;-98.64754486083984375;-98.64754486083984375
1421594505.4944589138;-98.00385284423828125;-98.00385284423828125
1421598301.6982550621;-96.9807891845703125;-96.9807891845703125
1421602097.9020512104;-95.82094573974609375;-95.82094573974609375
1421605894.1058473587;-94.277618408203125;-94.277618408203125
1421609690.309643507;-92.79557037353515625;-92.79557037353515625
1421613486.5134396553;-91.311859130859375;-91.311859130859375
1421617282.7172358036;-89.86083984375;-89.86083984375
1421621078.9210319519;-88.56539154052734375;-88.56539154052734375
1421624875.1248281002;-87.57729339599609375;-87.57729339599609375
1421628671.3286242485;-86.817626953125;-86.817626953125
1421632467.5324203968;-86.440826416015625;-86.440826416015625
1421636263.7362165451;-86.3592529296875;-86.3592529296875
1421640059.9400126934;-86.39992523193359375;-86.39992523193359375
1421643856.1438088417;-86.7749176025390625;-86.7749176025390625
1421647652.34760499;-87.53067779541015625;-87.53067779541015625
1421651448.5514011383;-88.670623779296875;-88.670623779296875
1421655244.7551972866;-90.1071929931640625;-90.1071929931640625
1421659040.9589934349;-91.67832183837890625;-91.67832183837890625
1421662837.1627895832;-92.96747589111328125;-92.96747589111328125
1421666633.3665857315;-93.50490570068359375;-93.50490570068359375
1421670429.5703818798;-93.05475616455078125;-93.05475616455078125
1421674225.7741780281;-92.62679290771484375;-92.62679290771484375
1421678021.9779741764;-92.29897308349609375;-92.29897308349609375
1421681818.1817703247;-92.13958740234375;-92.13958740234375
1421685614.385566473;-92.06097412109375;-92.06097412109375
1421689410.5893626213;-92.06096649169921875;-92.06096649169921875
1421693206.7931587696;-92.0609588623046875;-92.0609588623046875
1421697002.9969549179;-92.2188873291015625;-92.2188873291015625
1421700799.2007510662;-92.4612884521484375;-92.4612884521484375
1421704595.4045472145;-92.88097381591796875;-92.88097381591796875
1421708391.6083433628;-93.4129180908203125;-93.4129180908203125
1421712187.8121395111;-94.177001953125;-94.177001953125
1421715984.0159356594;-95.12548828125;-95.12548828125
1421719780.2197318077;-96.19039154052734375;-96.19039154052734375
1421723576.423527956;-97.40435028076171875;-97.40435028076171875
1421727372.6273241043;-98.81595611572265625;-98.81595611572265625
1421731168.8311202526;-100.92615509033203125;-100.92615509033203125
1421734965.0349164009;-103.4249267578125;-103.4249267578125
1421738761.2387125492;-102.3377685546875;-102.3377685546875
1421742557.4425086975;-98.1600799560546875;-98.1600799560546875
1421746353.6463048458;-94.90552520751953125;-94.90552520751953125
1421750149.8501009941;-92.62664794921875;-92.62664794921875
1421753946.0538971424;-91.02910614013671875;-91.02910614013671875
1421757742.2576932907;-89.98291778564453125;-89.98291778564453125
1421761538.461489439;-89.445465087890625;-89.445465087890625
1421765334.6652855873;-89.33042144775390625;-89.33042144775390625
1421769130.8690817356;-89.3877410888671875;-89.3877410888671875
1421772927.0728778839;-89.7399139404296875;-89.7399139404296875
1421776723.2766740322;-90.36058807373046875;-90.36058807373046875
1421780519.4804701805;-91.2400665283203125;-91.2400665283203125
1421784315.6842663288;-91.9056854248046875;-91.9056854248046875
1421788111.8880624771;-91.52960968017578125;-91.52960968017578125
1421791908.0918586254;-90.6218109130859375;-90.6218109130859375
1421795704.2956547737;-89.86051177978515625;-89.86051177978515625
1421799500.499450922;-89.3876800537109375;-89.3876800537109375
1421803296.7032470703;-89.27338409423828125;-89.27338409423828125
1421807092.9070432186;-89.3303375244140625;-89.3303375244140625
1421810889.1108393669;-89.680145263671875;-89.680145263671875
1421814685.3146355152;-90.42510223388671875;-90.42510223388671875
1421818481.5184316635;-91.6034698486328125;-91.6034698486328125
1421822277.7222278118;-93.14266204833984375;-93.14266204833984375
1421826073.9260239601;-95.1252899169921875;-95.1252899169921875
1421829870.1298201084;-97.404144287109375;-97.404144287109375
1421833666.3336162567;-100.5021820068359375;-100.5021820068359375
1421837462.537412405;-104.3398895263671875;-104.3398895263671875
1421841258.7412085533;-105.00835418701171875;-105.00835418701171875
1421845054.9450047016;-100.7114715576171875;-100.7114715576171875
1421848851.1488008499;-97.849639892578125;-97.849639892578125
1421852647.3525969982;-95.7006683349609375;-95.7006683349609375
1421856443.5563931465;-94.27715301513671875;-94.27715301513671875
1421860239.7601892948;-93.2316741943359375;-93.2316741943359375
1421864035.9639854431;-92.46099090576171875;-92.46099090576171875
1421867832.1677815914;-92.060638427734375;-92.060638427734375
1421871628.3715777397;-91.82898712158203125;-91.82898712158203125
1421875424.575373888;-91.82898712158203125;-91.82898712158203125
1421879220.7791700363;-91.8289794921875;-91.8289794921875
1421883016.9829661846;-91.9055023193359375;-91.9055023193359375
1421886813.1867623329;-91.75310516357421875;-91.75310516357421875
1421890609.3905584812;-91.09862518310546875;-91.09862518310546875
1421894405.5943546295;-90.04448699951171875;-90.04448699951171875
1421898201.7981507778;-88.93909454345703125;-88.93909454345703125
1421901998.0019469261;-87.8615875244140625;-87.8615875244140625
1421905794.2057430744;-87.0777130126953125;-87.0777130126953125
1421909590.4095392227;-86.6057586669921875;-86.6057586669921875
1421913386.613335371;-86.5226287841796875;-86.5226287841796875
1421917182.8171315193;-86.52262115478515625;-86.52262115478515625
1421920979.0209276676;-86.85997772216796875;-86.85997772216796875
1421924775.2247238159;-87.67064666748046875;-87.67064666748046875
1421928571.4285199642;-89.0489959716796875;-89.0489959716796875
1421932367.6323161125;-91.028778076171875;-91.028778076171875
1421936163.8361122608;-93.69121551513671875;-93.69121551513671875
1421939960.0399084091;-96.98015594482421875;-96.98015594482421875
1421943756.2437045574;-98.98755645751953125;-98.98755645751953125
1421947552.4475007057;-97.5499114990234375;-97.5499114990234375
1421951348.651296854;-96.57607269287109375;-96.57607269287109375
1421955144.8550930023;-96.4454498291015625;-96.4454498291015625
1421958941.0588891506;-96.44544219970703125;-96.44544219970703125
1421962737.2626852989;-96.57604217529296875;-96.57604217529296875
1421966533.4664814472;-96.84332275390625;-96.84332275390625
1421970329.6702775955;-96.84331512451171875;-96.84331512451171875
1421974125.8740737438;-96.445404052734375;-96.445404052734375
1421977922.0778698921;-96.06493377685546875;-96.06493377685546875
1421981718.2816660404;-95.465667724609375;-95.465667724609375
1421985514.4854621887;-94.79718780517578125;-94.79718780517578125
1421989310.689258337;-94.0772247314453125;-94.0772247314453125
1421993106.8930544853;-93.41239166259765625;-93.41239166259765625
1421996903.0968506336;-92.88043212890625;-92.88043212890625
1422000699.3006467819;-92.46073150634765625;-92.46073150634765625
1422004495.5044429302;-92.06038665771484375;-92.06038665771484375
1422008291.7082390785;-91.67767333984375;-91.67767333984375
1422012087.9120352268;-90.95941925048828125;-90.95941925048828125
1422015884.1158313751;-89.92105865478515625;-89.92105865478515625
1422019680.3196275234;-88.72306060791015625;-88.72306060791015625
1422023476.5234236717;-87.57656097412109375;-87.57656097412109375
1422027272.72721982;-86.6055450439453125;-86.6055450439453125
1422031068.9310159683;-86.000701904296875;-86.000701904296875
1422034865.1348121166;-85.80809783935546875;-85.80809783935546875
1422038661.3386082649;-85.8080902099609375;-85.8080902099609375
1422042457.5424044132;-86.0397186279296875;-86.0397186279296875
1422046253.7462005615;-86.774169921875;-86.774169921875
1422050049.9499967098;-88.1060028076171875;-88.1060028076171875
1422053846.1537928581;-90.1064605712890625;-90.1064605712890625
1422057642.3575890064;-92.96674346923828125;-92.96674346923828125
1422061438.5613851547;-97.54970550537109375;-106.11829376220703125
1422065234.765181303;-106.1182861328125;-112.13887786865234375
1422069030.9689774513;-99.3419036865234375;-106.94612884521484375
1422072827.1727735996;-95.94155120849609375;-95.94155120849609375
1422076623.3765697479;-93.881866455078125;-93.881866455078125
1422080419.5803658962;-92.62603759765625;-92.62603759765625
1422084215.7841620445;-91.90512847900390625;-91.90512847900390625
1422088011.9879581928;-91.31098175048828125;-91.31098175048828125
1422091808.1917543411;-90.8906097412109375;-90.8906097412109375
1422095604.3955504894;-90.5551910400390625;-90.5551910400390625
1422099400.5993466377;-90.23226165771484375;-90.23226165771484375
1422103196.803142786;-90.044097900390625;-90.044097900390625
1422106993.0069389343;-90.04409027099609375;-90.04409027099609375
1422110789.2107350826;-90.04409027099609375;-90.04409027099609375
1422114585.4145312309;-90.23223114013671875;-90.23223114013671875
1422118381.6183273792;-90.68776702880859375;-90.68776702880859375
1422122177.8221235275;-91.16852569580078125;-91.16852569580078125
1422125974.0259196758;-91.75266265869140625;-91.75266265869140625
1422129770.2297158241;-92.138763427734375;-92.138763427734375
1422133566.4335119724;-92.37892913818359375;-92.37892913818359375
1422137362.6373081207;-92.298126220703125;-92.298126220703125
1422141158.841104269;-91.90502166748046875;-91.90502166748046875
1422144955.0449004173;-91.310882568359375;-91.310882568359375
1422148751.2486965656;-90.295806884765625;-90.295806884765625
1422152547.4524927139;-89.27274322509765625;-89.27274322509765625
1422156343.6562888622;-88.4088287353515625;-88.4088287353515625
1422160139.8600850105;-87.76513671875;-87.76513671875
1422163936.0638811588;-87.48339080810546875;-87.48339080810546875
1422167732.2676773071;-87.43731689453125;-87.43731689453125
1422171528.4714734554;-87.62310791015625;-87.62310791015625
1422175324.6752696037;-88.15554046630859375;-88.15554046630859375
1422179120.879065752;-89.04853057861328125;-89.04853057861328125
1422182917.0828619003;-90.29573822021484375;-90.29573822021484375
1422186713.2866580486;-91.7525482177734375;-91.7525482177734375
1422190509.4904541969;-93.14197540283203125;-93.14197540283203125
1422194305.6942503452;-93.69073486328125;-93.69073486328125
1422198101.8980464935;-93.05377960205078125;-93.05377960205078125
