Type;FSVA3044;
Version;1.31;
Date;24.Mar 2026;
Mode;ANALYZER;
Preamplifier;OFF;
Transducer;OFF;
Center Freq;1420500000.000000;Hz
Freq Offset;0.000000;Hz
Start;1416050000.000000;Hz
Stop;1424950000.000000;Hz
Span;8900000.000000;Hz
Ref Level;-60.000000;dBm
Level Offset;0.000000;dB
Rf Att;0.000000;dB
El Att;0.000000;dB
RBW;10000.000000;Hz
VBW;100000.000000;Hz
SWT;2.000000;s
Sweep Count;50;
Window;1;Frequency Sweep
Ref Position;106.000000;%
Level Range;84.000000;dB
x-Axis;LIN;
y-Axis;LOG;
x-Unit;Hz;
y-Unit;dBm;
Trace;1;
Trace Mode;AVERAGE;
Detector;RMS;
Values;1001;
1416054445.5544455051;-93.1567535400390625;
1416063336.6633365154;-93.159637451171875;
1416072227.7722275257;-93.162994384765625;
1416081118.881118536;-93.1583099365234375;
1416090009.9900095463;-93.15447998046875;
1416098901.0989005566;-93.15798187255859375;
1416107792.2077915668;-93.1574554443359375;
1416116683.3166825771;-93.16187286376953125;
1416125574.4255735874;-93.16162872314453125;
1416134465.5344645977;-93.15615081787109375;
1416143356.643355608;-93.15863037109375;
1416152247.7522466183;-93.16112518310546875;
1416161138.8611376286;-93.1611480712890625;
1416170029.9700286388;-93.1586456298828125;
1416178921.0789196491;-93.16085052490234375;
1416187812.1878106594;-93.1623992919921875;
1416196703.2967016697;-93.16407012939453125;
1416205594.40559268;-93.164337158203125;
1416214485.5144836903;-93.16234588623046875;
1416223376.6233747005;-93.16132354736328125;
1416232267.7322657108;-93.16320037841796875;
1416241158.8411567211;-93.16385650634765625;
1416250049.9500477314;-93.16037750244140625;
1416258941.0589387417;-93.15695953369140625;
1416267832.167829752;-93.15842437744140625;
1416276723.2767207623;-93.16176605224609375;
1416285614.3856117725;-93.1623687744140625;
1416294505.4945027828;-93.16881561279296875;
1416303396.6033937931;-93.1680450439453125;
1416312287.7122848034;-93.163970947265625;
1416321178.8211758137;-93.16246795654296875;
1416330069.930066824;-93.1630401611328125;
1416338961.0389578342;-93.16136932373046875;
1416347852.1478488445;-93.16347503662109375;
1416356743.2567398548;-93.1653594970703125;
1416365634.3656308651;-93.1627960205078125;
1416374525.4745218754;-93.1672210693359375;
1416383416.5834128857;-93.166748046875;
1416392307.692303896;-93.16513824462890625;
1416401198.8011949062;-93.168701171875;
1416410089.9100859165;-93.17071533203125;
1416418981.0189769268;-93.1723480224609375;
1416427872.1278679371;-93.171966552734375;
1416436763.2367589474;-93.17171478271484375;
1416445654.3456499577;-93.1648101806640625;
1416454545.4545409679;-93.16733551025390625;
1416463436.5634319782;-93.16793060302734375;
1416472327.6723229885;-93.17034149169921875;
1416481218.7812139988;-93.163360595703125;
1416490109.8901050091;-93.1651153564453125;
1416499000.9989960194;-93.16650390625;
1416507892.1078870296;-93.1685791015625;
1416516783.2167780399;-93.1688232421875;
1416525674.3256690502;-93.1712493896484375;
1416534565.4345600605;-93.1657562255859375;
1416543456.5434510708;-93.17086029052734375;
1416552347.6523420811;-93.1714935302734375;
1416561238.7612330914;-93.17181396484375;
1416570129.8701241016;-93.16762542724609375;
1416579020.9790151119;-93.16394805908203125;
1416587912.0879061222;-93.16954803466796875;
1416596803.1967971325;-93.1705322265625;
1416605694.3056881428;-93.17081451416015625;
1416614585.4145791531;-93.17327880859375;
1416623476.5234701633;-93.17362213134765625;
1416632367.6323611736;-93.17156219482421875;
1416641258.7412521839;-93.17111968994140625;
1416650149.8501431942;-93.17166900634765625;
1416659040.9590342045;-93.167449951171875;
1416667932.0679252148;-93.168609619140625;
1416676823.1768162251;-93.16764068603515625;
1416685714.2857072353;-93.16889190673828125;
1416694605.3945982456;-93.1685638427734375;
1416703496.5034892559;-93.17288970947265625;
1416712387.6123802662;-93.17101287841796875;
1416721278.7212712765;-93.16719818115234375;
1416730169.8301622868;-93.1732940673828125;
1416739060.939053297;-93.1709136962890625;
1416747952.0479443073;-93.1698150634765625;
1416756843.1568353176;-93.17690277099609375;
1416765734.2657263279;-93.177093505859375;
1416774625.3746173382;-93.171661376953125;
1416783516.4835083485;-93.17364501953125;
1416792407.5923993587;-93.170562744140625;
1416801298.701290369;-93.1668243408203125;
1416810189.8101813793;-93.17236328125;
1416819080.9190723896;-93.17321014404296875;
1416827972.0279633999;-93.16900634765625;
1416836863.1368544102;-93.1671600341796875;
1416845754.2457454205;-93.17314910888671875;
1416854645.3546364307;-93.1705169677734375;
1416863536.463527441;-93.1771240234375;
1416872427.5724184513;-93.1783294677734375;
1416881318.6813094616;-93.17412567138671875;
1416890209.7902004719;-93.17325592041015625;
1416899100.8990914822;-93.1729583740234375;
1416907992.0079824924;-93.1729278564453125;
1416916883.1168735027;-93.1750030517578125;
1416925774.225764513;-93.17475128173828125;
1416934665.3346555233;-93.17594146728515625;
1416943556.4435465336;-93.17498779296875;
1416952447.5524375439;-93.17498779296875;
1416961338.6613285542;-93.16999053955078125;
1416970229.7702195644;-93.17101287841796875;
1416979120.8791105747;-93.17259979248046875;
1416988011.988001585;-93.17295074462890625;
1416996903.0968925953;-93.17510223388671875;
1417005794.2057836056;-93.17156219482421875;
1417014685.3146746159;-93.173614501953125;
1417023576.4235656261;-93.1771240234375;
1417032467.5324566364;-93.1739044189453125;
1417041358.6413476467;-93.174835205078125;
1417050249.750238657;-93.17392730712890625;
1417059140.8591296673;-93.1735382080078125;
1417068031.9680206776;-93.174041748046875;
1417076923.0769116879;-93.17559814453125;
1417085814.1858026981;-93.1761932373046875;
1417094705.2946937084;-93.17649078369140625;
1417103596.4035847187;-93.1741790771484375;
1417112487.512475729;-93.17429351806640625;
1417121378.6213667393;-93.177490234375;
1417130269.7302577496;-93.1803131103515625;
1417139160.8391487598;-93.18058013916015625;
1417148051.9480397701;-93.1761016845703125;
1417156943.0569307804;-93.17607879638671875;
1417165834.1658217907;-93.173828125;
1417174725.274712801;-93.17609405517578125;
1417183616.3836038113;-93.17565155029296875;
1417192507.4924948215;-93.17473602294921875;
1417201398.6013858318;-93.1741180419921875;
1417210289.7102768421;-93.1756591796875;
1417219180.8191678524;-93.1797943115234375;
1417228071.9280588627;-93.1798858642578125;
1417236963.036949873;-93.1793212890625;
1417245854.1458408833;-93.17700958251953125;
1417254745.2547318935;-93.1760406494140625;
1417263636.3636229038;-93.17767333984375;
1417272527.4725139141;-93.17388153076171875;
1417281418.5814049244;-93.17424774169921875;
1417290309.6902959347;-93.1752471923828125;
1417299200.799186945;-93.1754913330078125;
1417308091.9080779552;-93.17311859130859375;
1417316983.0169689655;-93.179656982421875;
1417325874.1258599758;-93.18065643310546875;
1417334765.2347509861;-93.17620086669921875;
1417343656.3436419964;-93.17491912841796875;
1417352547.4525330067;-93.1775665283203125;
1417361438.561424017;-93.17652130126953125;
1417370329.6703150272;-93.18023681640625;
1417379220.7792060375;-93.179473876953125;
1417388111.8880970478;-93.179931640625;
1417397002.9969880581;-93.17681884765625;
1417405894.1058790684;-93.179290771484375;
1417414785.2147700787;-93.1827239990234375;
1417423676.3236610889;-93.18218231201171875;
1417432567.4325520992;-93.1796112060546875;
1417441458.5414431095;-93.17644500732421875;
1417450349.6503341198;-93.1759490966796875;
1417459240.7592251301;-93.1804046630859375;
1417468131.8681161404;-93.1787109375;
1417477022.9770071507;-93.173431396484375;
1417485914.0858981609;-93.17769622802734375;
1417494805.1947891712;-93.17833709716796875;
1417503696.3036801815;-93.18071746826171875;
1417512587.4125711918;-93.1849365234375;
1417521478.5214622021;-93.1826171875;
1417530369.6303532124;-93.18182373046875;
1417539260.7392442226;-93.18408966064453125;
1417548151.8481352329;-93.18408203125;
1417557042.9570262432;-93.18088531494140625;
1417565934.0659172535;-93.1818084716796875;
1417574825.1748082638;-93.18137359619140625;
1417583716.2836992741;-93.1809539794921875;
1417592607.3925902843;-93.17913818359375;
1417601498.5014812946;-93.180145263671875;
1417610389.6103723049;-93.18167877197265625;
1417619280.7192633152;-93.18119049072265625;
1417628171.8281543255;-93.17868804931640625;
1417637062.9370453358;-93.1799163818359375;
1417645954.0459363461;-93.17682647705078125;
1417654845.1548273563;-93.17699432373046875;
1417663736.2637183666;-93.17592620849609375;
1417672627.3726093769;-93.1800689697265625;
1417681518.4815003872;-93.1787567138671875;
1417690409.5903913975;-93.17888641357421875;
1417699300.6992824078;-93.1796417236328125;
1417708191.808173418;-93.17810821533203125;
1417717082.9170644283;-93.177154541015625;
1417725974.0259554386;-93.1779937744140625;
1417734865.1348464489;-93.180206298828125;
1417743756.2437374592;-93.1811065673828125;
1417752647.3526284695;-93.18316650390625;
1417761538.4615194798;-93.182464599609375;
1417770429.57041049;-93.1779632568359375;
1417779320.6793015003;-93.17223358154296875;
1417788211.7881925106;-93.1747589111328125;
1417797102.8970835209;-93.181671142578125;
1417805994.0059745312;-93.18021392822265625;
1417814885.1148655415;-93.1759185791015625;
1417823776.2237565517;-93.1852569580078125;
1417832667.332647562;-93.18904876708984375;
1417841558.4415385723;-93.18172454833984375;
1417850449.5504295826;-93.183380126953125;
1417859340.6593205929;-93.18587493896484375;
1417868231.7682116032;-93.187774658203125;
1417877122.8771026134;-93.185791015625;
1417886013.9859936237;-93.1824188232421875;
1417894905.094884634;-93.1833038330078125;
1417903796.2037756443;-93.18663787841796875;
1417912687.3126666546;-93.18487548828125;
1417921578.4215576649;-93.1794281005859375;
1417930469.5304486752;-93.17626953125;
1417939360.6393396854;-93.17948150634765625;
1417948251.7482306957;-93.1817169189453125;
1417957142.857121706;-93.18450164794921875;
1417966033.9660127163;-93.182647705078125;
1417974925.0749037266;-93.17850494384765625;
1417983816.1837947369;-93.18438720703125;
1417992707.2926857471;-93.1875152587890625;
1418001598.4015767574;-93.18349456787109375;
1418010489.5104677677;-93.1821136474609375;
1418019380.619358778;-93.1808929443359375;
1418028271.7282497883;-93.18216705322265625;
1418037162.8371407986;-93.182037353515625;
1418046053.9460318089;-93.18073272705078125;
1418054945.0549228191;-93.18579864501953125;
1418063836.1638138294;-93.186676025390625;
1418072727.2727048397;-93.18813323974609375;
1418081618.38159585;-93.184600830078125;
1418090509.4904868603;-93.1853485107421875;
1418099400.5993778706;-93.18604278564453125;
1418108291.7082688808;-93.18524932861328125;
1418117182.8171598911;-93.18707275390625;
1418126073.9260509014;-93.18901824951171875;
1418134965.0349419117;-93.18421173095703125;
1418143856.143832922;-93.18450927734375;
1418152747.2527239323;-93.180450439453125;
1418161638.3616149426;-93.1863861083984375;
1418170529.4705059528;-93.18843841552734375;
1418179420.5793969631;-93.18805694580078125;
1418188311.6882879734;-93.18349456787109375;
1418197202.7971789837;-93.18677520751953125;
1418206093.906069994;-93.184539794921875;
1418214985.0149610043;-93.18182373046875;
1418223876.1238520145;-93.18610382080078125;
1418232767.2327430248;-93.18717193603515625;
1418241658.3416340351;-93.18646240234375;
1418250549.4505250454;-93.1865081787109375;
1418259440.5594160557;-93.19092559814453125;
1418268331.668307066;-93.188812255859375;
1418277222.7771980762;-93.182830810546875;
1418286113.8860890865;-93.18659210205078125;
1418295004.9949800968;-93.187530517578125;
1418303896.1038711071;-93.182098388671875;
1418312787.2127621174;-93.18576812744140625;
1418321678.3216531277;-93.1814422607421875;
1418330569.430544138;-93.1850128173828125;
1418339460.5394351482;-93.19257354736328125;
1418348351.6483261585;-93.19085693359375;
1418357242.7572171688;-93.1840362548828125;
1418366133.8661081791;-93.18509674072265625;
1418375024.9749991894;-93.19055938720703125;
1418383916.0838901997;-93.1848602294921875;
1418392807.1927812099;-93.18486785888671875;
1418401698.3016722202;-93.1869354248046875;
1418410589.4105632305;-93.18890380859375;
1418419480.5194542408;-93.189971923828125;
1418428371.6283452511;-93.18907928466796875;
1418437262.7372362614;-93.18099212646484375;
1418446153.8461272717;-93.18715667724609375;
1418455044.9550182819;-93.18585968017578125;
1418463936.0639092922;-93.18569183349609375;
1418472827.1728003025;-93.19470977783203125;
1418481718.2816913128;-93.19228363037109375;
1418490609.3905823231;-93.1920166015625;
1418499500.4994733334;-93.19391632080078125;
1418508391.6083643436;-93.1926116943359375;
1418517282.7172553539;-93.190704345703125;
1418526173.8261463642;-93.18824005126953125;
1418535064.9350373745;-93.18314361572265625;
1418543956.0439283848;-93.19585418701171875;
1418552847.1528193951;-93.1932830810546875;
1418561738.2617104053;-93.18679046630859375;
1418570629.3706014156;-93.1932220458984375;
1418579520.4794924259;-93.18924713134765625;
1418588411.5883834362;-93.1888275146484375;
1418597302.6972744465;-93.190277099609375;
1418606193.8061654568;-93.19039154052734375;
1418615084.9150564671;-93.1889190673828125;
1418623976.0239474773;-93.18692779541015625;
1418632867.1328384876;-93.1893157958984375;
1418641758.2417294979;-93.1916961669921875;
1418650649.3506205082;-93.18637847900390625;
1418659540.4595115185;-93.185272216796875;
1418668431.5684025288;-93.19062042236328125;
1418677322.677293539;-93.192352294921875;
1418686213.7861845493;-93.19239044189453125;
1418695104.8950755596;-93.19451141357421875;
1418703996.0039665699;-93.19060516357421875;
1418712887.1128575802;-93.1926727294921875;
1418721778.2217485905;-93.19098663330078125;
1418730669.3306396008;-93.191192626953125;
1418739560.439530611;-93.19431304931640625;
1418748451.5484216213;-93.19675445556640625;
1418757342.6573126316;-93.19300079345703125;
1418766233.7662036419;-93.19178009033203125;
1418775124.8750946522;-93.19043731689453125;
1418784015.9839856625;-93.19316864013671875;
1418792907.0928766727;-93.19745635986328125;
1418801798.201767683;-93.1939697265625;
1418810689.3106586933;-93.1967620849609375;
1418819580.4195497036;-93.19991302490234375;
1418828471.5284407139;-93.194976806640625;
1418837362.6373317242;-93.192291259765625;
1418846253.7462227345;-93.1911163330078125;
1418855144.8551137447;-93.1959075927734375;
1418864035.964004755;-93.19757080078125;
1418872927.0728957653;-93.19426727294921875;
1418881818.1817867756;-93.19641876220703125;
1418890709.2906777859;-93.19284820556640625;
1418899600.3995687962;-93.192901611328125;
1418908491.5084598064;-93.1949920654296875;
1418917382.6173508167;-93.1964569091796875;
1418926273.726241827;-93.19423675537109375;
1418935164.8351328373;-93.20005035400390625;
1418944055.9440238476;-93.19577789306640625;
1418952947.0529148579;-93.19710540771484375;
1418961838.1618058681;-93.197479248046875;
1418970729.2706968784;-93.19716644287109375;
1418979620.3795878887;-93.19974517822265625;
1418988511.488478899;-93.2043914794921875;
1418997402.5973699093;-93.20224761962890625;
1419006293.7062609196;-93.2002105712890625;
1419015184.8151519299;-93.20290374755859375;
1419024075.9240429401;-93.19986724853515625;
1419032967.0329339504;-93.2011871337890625;
1419041858.1418249607;-93.201080322265625;
1419050749.250715971;-93.19820404052734375;
1419059640.3596069813;-93.20099639892578125;
1419068531.4684979916;-93.197418212890625;
1419077422.5773890018;-93.19829559326171875;
1419086313.6862800121;-93.20088958740234375;
1419095204.7951710224;-93.1959991455078125;
1419104095.9040620327;-93.19841766357421875;
1419112987.012953043;-93.19549560546875;
1419121878.1218440533;-93.1963348388671875;
1419130769.2307350636;-93.197540283203125;
1419139660.3396260738;-93.19548797607421875;
1419148551.4485170841;-93.19077301025390625;
1419157442.5574080944;-93.1969757080078125;
1419166333.6662991047;-93.199798583984375;
1419175224.775190115;-93.1938934326171875;
1419184115.8840811253;-93.19525146484375;
1419193006.9929721355;-93.19266510009765625;
1419201898.1018631458;-93.1915740966796875;
1419210789.2107541561;-93.19800567626953125;
1419219680.3196451664;-93.2012786865234375;
1419228571.4285361767;-93.20110321044921875;
1419237462.537427187;-93.19873046875;
1419246353.6463181973;-93.19716644287109375;
1419255244.7552092075;-93.1975250244140625;
1419264135.8641002178;-93.19986724853515625;
1419273026.9729912281;-93.19991302490234375;
1419281918.0818822384;-93.20055389404296875;
1419290809.1907732487;-93.200958251953125;
1419299700.299664259;-93.2013702392578125;
1419308591.4085552692;-93.20565032958984375;
1419317482.5174462795;-93.20662689208984375;
1419326373.6263372898;-93.199127197265625;
1419335264.7352283001;-93.20607757568359375;
1419344155.8441193104;-93.2054901123046875;
1419353046.9530103207;-93.206634521484375;
1419361938.0619013309;-93.19931793212890625;
1419370829.1707923412;-93.2051544189453125;
1419379720.2796833515;-93.2047882080078125;
1419388611.3885743618;-93.20398712158203125;
1419397502.4974653721;-93.20099639892578125;
1419406393.6063563824;-93.19991302490234375;
1419415284.7152473927;-93.201019287109375;
1419424175.8241384029;-93.1998748779296875;
1419433066.9330294132;-93.19550323486328125;
1419441958.0419204235;-93.19866943359375;
1419450849.1508114338;-93.20014190673828125;
1419459740.2597024441;-93.205047607421875;
1419468631.3685934544;-93.20365142822265625;
1419477522.4774844646;-93.2020416259765625;
1419486413.5863754749;-93.2006378173828125;
1419495304.6952664852;-93.198974609375;
1419504195.8041574955;-93.20104217529296875;
1419513086.9130485058;-93.2021636962890625;
1419521978.0219395161;-93.20491790771484375;
1419530869.1308305264;-93.2067413330078125;
1419539760.2397215366;-93.20684814453125;
1419548651.3486125469;-93.20119476318359375;
1419557542.4575035572;-93.2008514404296875;
1419566433.5663945675;-93.204345703125;
1419575324.6752855778;-93.2027435302734375;
1419584215.7841765881;-93.203125;
1419593106.8930675983;-93.20404052734375;
1419601998.0019586086;-93.207275390625;
1419610889.1108496189;-93.20578765869140625;
1419619780.2197406292;-93.20603179931640625;
1419628671.3286316395;-93.2046661376953125;
1419637562.4375226498;-93.20020294189453125;
1419646453.54641366;-93.20287322998046875;
1419655344.6553046703;-93.2062530517578125;
1419664235.7641956806;-93.203582763671875;
1419673126.8730866909;-93.20026397705078125;
1419682017.9819777012;-93.19908905029296875;
1419690909.0908687115;-93.1995391845703125;
1419699800.1997597218;-93.20000457763671875;
1419708691.308650732;-93.196533203125;
1419717582.4175417423;-93.20296478271484375;
1419726473.5264327526;-93.20131683349609375;
1419735364.6353237629;-93.2026214599609375;
1419744255.7442147732;-93.20630645751953125;
1419753146.8531057835;-93.2059326171875;
1419762037.9619967937;-93.2026519775390625;
1419770929.070887804;-93.20540618896484375;
1419779820.1797788143;-93.2009429931640625;
1419788711.2886698246;-93.20194244384765625;
1419797602.3975608349;-93.2024688720703125;
1419806493.5064518452;-93.20096588134765625;
1419815384.6153428555;-93.20024871826171875;
1419824275.7242338657;-93.203216552734375;
1419833166.833124876;-93.20252227783203125;
1419842057.9420158863;-93.20046234130859375;
1419850949.0509068966;-93.205963134765625;
1419859840.1597979069;-93.2033538818359375;
1419868731.2686889172;-93.2041015625;
1419877622.3775799274;-93.20040130615234375;
1419886513.4864709377;-93.206146240234375;
1419895404.595361948;-93.2077178955078125;
1419904295.7042529583;-93.20516204833984375;
1419913186.8131439686;-93.20426177978515625;
1419922077.9220349789;-93.2068023681640625;
1419930969.0309259892;-93.20252227783203125;
1419939860.1398169994;-93.20635223388671875;
1419948751.2487080097;-93.20630645751953125;
1419957642.35759902;-93.20615386962890625;
1419966533.4664900303;-93.20278167724609375;
1419975424.5753810406;-93.20072174072265625;
1419984315.6842720509;-93.2034454345703125;
1419993206.7931630611;-93.2038726806640625;
1420002097.9020540714;-93.199859619140625;
1420010989.0109450817;-93.20555877685546875;
1420019880.119836092;-93.20095062255859375;
1420028771.2287271023;-93.197174072265625;
1420037662.3376181126;-93.19991302490234375;
1420046553.4465091228;-93.204315185546875;
1420055444.5554001331;-93.2021026611328125;
1420064335.6642911434;-93.19759368896484375;
1420073226.7731821537;-93.20319366455078125;
1420082117.882073164;-93.20452880859375;
1420091008.9909641743;-93.2045745849609375;
1420099900.0998551846;-93.20265960693359375;
1420108791.2087461948;-93.20015716552734375;
1420117682.3176372051;-93.20020294189453125;
1420126573.4265282154;-93.20587921142578125;
1420135464.5354192257;-93.2033843994140625;
1420144355.644310236;-93.1988525390625;
1420153246.7532012463;-93.2016143798828125;
1420162137.8620922565;-93.20520782470703125;
1420171028.9709832668;-93.20330047607421875;
1420179920.0798742771;-93.204864501953125;
1420188811.1887652874;-93.20565032958984375;
1420197702.2976562977;-93.20871734619140625;
1420206593.406547308;-93.20700836181640625;
1420215484.5154383183;-93.2070159912109375;
1420224375.6243293285;-93.204620361328125;
1420233266.7332203388;-93.204559326171875;
1420242157.8421113491;-93.2063446044921875;
1420251048.9510023594;-93.2008819580078125;
1420259940.0598933697;-93.199493408203125;
1420268831.16878438;-93.20238494873046875;
1420277722.2776753902;-93.20220947265625;
1420286613.3865664005;-93.20194244384765625;
1420295504.4954574108;-93.20482635498046875;
1420304395.6043484211;-93.20497894287109375;
1420313286.7132394314;-93.20391845703125;
1420322177.8221304417;-93.20055389404296875;
1420331068.931021452;-93.20351409912109375;
1420339960.0399124622;-93.20400238037109375;
1420348851.1488034725;-93.2044677734375;
1420357742.2576944828;-93.20398712158203125;
1420366633.3665854931;-93.20365142822265625;
1420375524.4754765034;-93.2017822265625;
1420384415.5843675137;-93.20397186279296875;
1420393306.6932585239;-93.20427703857421875;
1420402197.8021495342;-93.20816802978515625;
1420411088.9110405445;-93.20624542236328125;
1420419980.0199315548;-93.20017242431640625;
1420428871.1288225651;-93.20458984375;
1420437762.2377135754;-93.2075042724609375;
1420446653.3466045856;-93.2065887451171875;
1420455544.4554955959;-93.20386505126953125;
1420464435.5643866062;-93.206787109375;
1420473326.6732776165;-93.20500946044921875;
1420482217.7821686268;-93.205780029296875;
1420491108.8910596371;-93.20316314697265625;
1420499999.9999506474;-93.20638275146484375;
1420508891.1088416576;-93.20403289794921875;
1420517782.2177326679;-93.20299530029296875;
1420526673.3266236782;-93.2015533447265625;
1420535564.4355146885;-93.20073699951171875;
1420544455.5444056988;-93.207489013671875;
1420553346.6532967091;-93.2034149169921875;
1420562237.7621877193;-93.2039337158203125;
1420571128.8710787296;-93.20484161376953125;
1420580019.9799697399;-93.2000274658203125;
1420588911.0888607502;-93.20359039306640625;
1420597802.1977517605;-93.2052459716796875;
1420606693.3066427708;-93.2033843994140625;
1420615584.4155337811;-93.20488739013671875;
1420624475.5244247913;-93.20658111572265625;
1420633366.6333158016;-93.20184326171875;
1420642257.7422068119;-93.2031402587890625;
1420651148.8510978222;-93.2099761962890625;
1420660039.9599888325;-93.20494842529296875;
1420668931.0688798428;-93.2070770263671875;
1420677822.177770853;-93.211517333984375;
1420686713.2866618633;-93.20233154296875;
1420695604.3955528736;-93.20703887939453125;
1420704495.5044438839;-93.207977294921875;
1420713386.6133348942;-93.20636749267578125;
1420722277.7222259045;-93.20835113525390625;
1420731168.8311169147;-93.20967864990234375;
1420740059.940007925;-93.2110595703125;
1420748951.0488989353;-93.20883941650390625;
1420757842.1577899456;-93.2063446044921875;
1420766733.2666809559;-93.20677947998046875;
1420775624.3755719662;-93.20847320556640625;
1420784515.4844629765;-93.20642852783203125;
1420793406.5933539867;-93.20831298828125;
1420802297.702244997;-93.210052490234375;
1420811188.8111360073;-93.2135162353515625;
1420820079.9200270176;-93.2099151611328125;
1420828971.0289180279;-93.20745086669921875;
1420837862.1378090382;-93.2074737548828125;
1420846753.2467000484;-93.20967864990234375;
1420855644.3555910587;-93.20520782470703125;
1420864535.464482069;-93.2100982666015625;
1420873426.5733730793;-93.2115478515625;
1420882317.6822640896;-93.2106475830078125;
1420891208.7911550999;-93.2094573974609375;
1420900099.9000461102;-93.20720672607421875;
1420908991.0089371204;-93.20697784423828125;
1420917882.1178281307;-93.2132568359375;
1420926773.226719141;-93.21222686767578125;
1420935664.3356101513;-93.2123565673828125;
1420944555.4445011616;-93.20904541015625;
1420953446.5533921719;-93.2079925537109375;
1420962337.6622831821;-93.20830535888671875;
1420971228.7711741924;-93.21208953857421875;
1420980119.8800652027;-93.21291351318359375;
1420989010.988956213;-93.2132568359375;
1420997902.0978472233;-93.21160888671875;
1421006793.2067382336;-93.20867156982421875;
1421015684.3156292439;-93.208099365234375;
1421024575.4245202541;-93.21315765380859375;
1421033466.5334112644;-93.210723876953125;
1421042357.6423022747;-93.2086334228515625;
1421051248.751193285;-93.2087249755859375;
1421060139.8600842953;-93.2092742919921875;
1421069030.9689753056;-93.21149444580078125;
1421077922.0778663158;-93.21160888671875;
1421086813.1867573261;-93.21491241455078125;
1421095704.2956483364;-93.21389007568359375;
1421104595.4045393467;-93.214630126953125;
1421113486.513430357;-93.216064453125;
1421122377.6223213673;-93.2166748046875;
1421131268.7312123775;-93.21308135986328125;
1421140159.8401033878;-93.21240997314453125;
1421149050.9489943981;-93.215728759765625;
1421157942.0578854084;-93.21649932861328125;
1421166833.1667764187;-93.21840667724609375;
1421175724.275667429;-93.21857452392578125;
1421184615.3845584393;-93.2146148681640625;
1421193506.4934494495;-93.218170166015625;
1421202397.6023404598;-93.21347808837890625;
1421211288.7112314701;-93.21065521240234375;
1421220179.8201224804;-93.21001434326171875;
1421229070.9290134907;-93.21157073974609375;
1421237962.037904501;-93.21346282958984375;
1421246853.1467955112;-93.2075653076171875;
1421255744.2556865215;-93.2086639404296875;
1421264635.3645775318;-93.21419525146484375;
1421273526.4734685421;-93.21083831787109375;
1421282417.5823595524;-93.21282196044921875;
1421291308.6912505627;-93.217437744140625;
1421300199.800141573;-93.21895599365234375;
1421309090.9090325832;-93.21535491943359375;
1421317982.0179235935;-93.216339111328125;
1421326873.1268146038;-93.21875762939453125;
1421335764.2357056141;-93.21630096435546875;
1421344655.3445966244;-93.21875;
1421353546.4534876347;-93.221771240234375;
1421362437.5623786449;-93.21541595458984375;
1421371328.6712696552;-93.2183837890625;
1421380219.7801606655;-93.21685028076171875;
1421389110.8890516758;-93.2208709716796875;
1421398001.9979426861;-93.2219085693359375;
1421406893.1068336964;-93.22055816650390625;
1421415784.2157247066;-93.22061920166015625;
1421424675.3246157169;-93.2186279296875;
1421433566.4335067272;-93.2205810546875;
1421442457.5423977375;-93.22135162353515625;
1421451348.6512887478;-93.2224578857421875;
1421460239.7601797581;-93.2194976806640625;
1421469130.8690707684;-93.2186431884765625;
1421478021.9779617786;-93.22125244140625;
1421486913.0868527889;-93.22076416015625;
1421495804.1957437992;-93.2228240966796875;
1421504695.3046348095;-93.219024658203125;
1421513586.4135258198;-93.2197265625;
1421522477.5224168301;-93.21804046630859375;
1421531368.6313078403;-93.21617889404296875;
1421540259.7401988506;-93.214569091796875;
1421549150.8490898609;-93.21617889404296875;
1421558041.9579808712;-93.21734619140625;
1421566933.0668718815;-93.220428466796875;
1421575824.1757628918;-93.2190093994140625;
1421584715.2846539021;-93.2219085693359375;
1421593606.3935449123;-93.22226715087890625;
1421602497.5024359226;-93.22086334228515625;
1421611388.6113269329;-93.2147979736328125;
1421620279.7202179432;-93.221435546875;
1421629170.8291089535;-93.2240753173828125;
1421638061.9379999638;-93.22272491455078125;
1421646953.046890974;-93.221099853515625;
1421655844.1557819843;-93.222015380859375;
1421664735.2646729946;-93.222320556640625;
1421673626.3735640049;-93.2226104736328125;
1421682517.4824550152;-93.2260589599609375;
1421691408.5913460255;-93.2247161865234375;
1421700299.7002370358;-93.21488189697265625;
1421709190.809128046;-93.21877288818359375;
1421718081.9180190563;-93.2227020263671875;
1421726973.0269100666;-93.221405029296875;
1421735864.1358010769;-93.2234039306640625;
1421744755.2446920872;-93.22631072998046875;
1421753646.3535830975;-93.2230377197265625;
1421762537.4624741077;-93.22061920166015625;
1421771428.571365118;-93.22564697265625;
1421780319.6802561283;-93.23026275634765625;
1421789210.7891471386;-93.22872161865234375;
1421798101.8980381489;-93.2241668701171875;
1421806993.0069291592;-93.22962188720703125;
1421815884.1158201694;-93.22827911376953125;
1421824775.2247111797;-93.2249755859375;
1421833666.33360219;-93.22552490234375;
1421842557.4424932003;-93.223358154296875;
1421851448.5513842106;-93.22142791748046875;
1421860339.6602752209;-93.22501373291015625;
1421869230.7691662312;-93.22193145751953125;
1421878121.8780572414;-93.22518157958984375;
1421887012.9869482517;-93.2234649658203125;
1421895904.095839262;-93.22422027587890625;
1421904795.2047302723;-93.22437286376953125;
1421913686.3136212826;-93.22663116455078125;
1421922577.4225122929;-93.2247772216796875;
1421931468.5314033031;-93.22495269775390625;
1421940359.6402943134;-93.22415924072265625;
1421949250.7491853237;-93.223236083984375;
1421958141.858076334;-93.22827911376953125;
1421967032.9669673443;-93.23056793212890625;
1421975924.0758583546;-93.22814178466796875;
1421984815.1847493649;-93.22405242919921875;
1421993706.2936403751;-93.22216796875;
1422002597.4025313854;-93.22191619873046875;
1422011488.5114223957;-93.22406768798828125;
1422020379.620313406;-93.2253570556640625;
1422029270.7292044163;-93.226593017578125;
1422038161.8380954266;-93.2261505126953125;
1422047052.9469864368;-93.22937774658203125;
1422055944.0558774471;-93.22554779052734375;
1422064835.1647684574;-93.227386474609375;
1422073726.2736594677;-93.22684478759765625;
1422082617.382550478;-93.22849273681640625;
1422091508.4914414883;-93.2328948974609375;
1422100399.6003324986;-93.2275848388671875;
1422109290.7092235088;-93.2328033447265625;
1422118181.8181145191;-93.23223114013671875;
1422127072.9270055294;-93.22978973388671875;
1422135964.0358965397;-93.233184814453125;
1422144855.14478755;-93.231903076171875;
1422153746.2536785603;-93.2295379638671875;
1422162637.3625695705;-93.2302093505859375;
1422171528.4714605808;-93.22949981689453125;
1422180419.5803515911;-93.22808074951171875;
1422189310.6892426014;-93.22564697265625;
1422198201.7981336117;-93.22870635986328125;
1422207092.907024622;-93.23249053955078125;
1422215984.0159156322;-93.227203369140625;
1422224875.1248066425;-93.2297515869140625;
1422233766.2336976528;-93.231475830078125;
1422242657.3425886631;-93.23211669921875;
1422251548.4514796734;-93.231536865234375;
1422260439.5603706837;-93.23210906982421875;
1422269330.669261694;-93.23052215576171875;
1422278221.7781527042;-93.22911834716796875;
1422287112.8870437145;-93.22918701171875;
1422296003.9959347248;-93.23249053955078125;
1422304895.1048257351;-93.22914886474609375;
1422313786.2137167454;-93.22982025146484375;
1422322677.3226077557;-93.2324066162109375;
1422331568.4314987659;-93.2306671142578125;
1422340459.5403897762;-93.23040008544921875;
1422349350.6492807865;-93.23007965087890625;
1422358241.7581717968;-93.23061370849609375;
1422367132.8670628071;-93.2289886474609375;
1422376023.9759538174;-93.22853851318359375;
1422384915.0848448277;-93.23030853271484375;
1422393806.1937358379;-93.2347412109375;
1422402697.3026268482;-93.23314666748046875;
1422411588.4115178585;-93.2276458740234375;
1422420479.5204088688;-93.22937774658203125;
1422429370.6292998791;-93.23113250732421875;
1422438261.7381908894;-93.2299957275390625;
1422447152.8470818996;-93.2306365966796875;
1422456043.9559729099;-93.23639678955078125;
1422464935.0648639202;-93.23114013671875;
1422473826.1737549305;-93.233306884765625;
1422482717.2826459408;-93.2354278564453125;
1422491608.3915369511;-93.23089599609375;
1422500499.5004279613;-93.23138427734375;
1422509390.6093189716;-93.2301788330078125;
1422518281.7182099819;-93.2277984619140625;
1422527172.8271009922;-93.22893524169921875;
1422536063.9359920025;-93.23120880126953125;
1422544955.0448830128;-93.22934722900390625;
1422553846.1537740231;-93.2293853759765625;
1422562737.2626650333;-93.2351531982421875;
1422571628.3715560436;-93.23199462890625;
1422580519.4804470539;-93.23284149169921875;
1422589410.5893380642;-93.2318878173828125;
1422598301.6982290745;-93.230377197265625;
1422607192.8071200848;-93.22945404052734375;
1422616083.916011095;-93.22769927978515625;
1422624975.0249021053;-93.23128509521484375;
1422633866.1337931156;-93.23052215576171875;
1422642757.2426841259;-93.23040008544921875;
1422651648.3515751362;-93.23191070556640625;
1422660539.4604661465;-93.23316192626953125;
1422669430.5693571568;-93.23583984375;
1422678321.678248167;-93.23183441162109375;
1422687212.7871391773;-93.2329864501953125;
1422696103.8960301876;-93.234619140625;
1422704995.0049211979;-93.23784637451171875;
1422713886.1138122082;-93.2347412109375;
1422722777.2227032185;-93.23705291748046875;
1422731668.3315942287;-93.23589324951171875;
1422740559.440485239;-93.23651885986328125;
1422749450.5493762493;-93.23329925537109375;
1422758341.6582672596;-93.23157501220703125;
1422767232.7671582699;-93.23809814453125;
1422776123.8760492802;-93.23439788818359375;
1422785014.9849402905;-93.23552703857421875;
1422793906.0938313007;-93.2348480224609375;
1422802797.202722311;-93.23712158203125;
1422811688.3116133213;-93.23549652099609375;
1422820579.4205043316;-93.23300933837890625;
1422829470.5293953419;-93.23313140869140625;
1422838361.6382863522;-93.23230743408203125;
1422847252.7471773624;-93.232086181640625;
1422856143.8560683727;-93.23380279541015625;
1422865034.964959383;-93.23287200927734375;
1422873926.0738503933;-93.23583984375;
1422882817.1827414036;-93.23986053466796875;
1422891708.2916324139;-93.23366546630859375;
1422900599.4005234241;-93.2382659912109375;
1422909490.5094144344;-93.238250732421875;
1422918381.6183054447;-93.23708343505859375;
1422927272.727196455;-93.24015045166015625;
1422936163.8360874653;-93.24008941650390625;
1422945054.9449784756;-93.240386962890625;
1422953946.0538694859;-93.22955322265625;
1422962837.1627604961;-93.23131561279296875;
1422971728.2716515064;-93.2354888916015625;
1422980619.3805425167;-93.2323760986328125;
1422989510.489433527;-93.231170654296875;
1422998401.5983245373;-93.23668670654296875;
1423007292.7072155476;-93.23638153076171875;
1423016183.8161065578;-93.23107147216796875;
1423025074.9249975681;-93.23199462890625;
1423033966.0338885784;-93.23508453369140625;
1423042857.1427795887;-93.23146820068359375;
1423051748.251670599;-93.23513031005859375;
1423060639.3605616093;-93.2385711669921875;
1423069530.4694526196;-93.2346038818359375;
1423078421.5783436298;-93.2317047119140625;
1423087312.6872346401;-93.22852325439453125;
1423096203.7961256504;-93.22962188720703125;
1423105094.9050166607;-93.2314605712890625;
1423113986.013907671;-93.2325439453125;
1423122877.1227986813;-93.235931396484375;
1423131768.2316896915;-93.23432159423828125;
1423140659.3405807018;-93.229217529296875;
1423149550.4494717121;-93.22998809814453125;
1423158441.5583627224;-93.23192596435546875;
1423167332.6672537327;-93.232025146484375;
1423176223.776144743;-93.23148345947265625;
1423185114.8850357533;-93.2328033447265625;
1423194005.9939267635;-93.23476409912109375;
1423202897.1028177738;-93.2403564453125;
1423211788.2117087841;-93.238861083984375;
1423220679.3205997944;-93.23328399658203125;
1423229570.4294908047;-93.23974609375;
1423238461.538381815;-93.23624420166015625;
1423247352.6472728252;-93.231964111328125;
1423256243.7561638355;-93.23529815673828125;
1423265134.8650548458;-93.23464202880859375;
1423274025.9739458561;-93.23165130615234375;
1423282917.0828368664;-93.2354583740234375;
1423291808.1917278767;-93.23694610595703125;
1423300699.3006188869;-93.23246002197265625;
1423309590.4095098972;-93.23323822021484375;
1423318481.5184009075;-93.23270416259765625;
1423327372.6272919178;-93.2310791015625;
1423336263.7361829281;-93.2352142333984375;
1423345154.8450739384;-93.232666015625;
1423354045.9539649487;-93.23596954345703125;
1423362937.0628559589;-93.23384857177734375;
1423371828.1717469692;-93.23076629638671875;
1423380719.2806379795;-93.2318115234375;
1423389610.3895289898;-93.2349395751953125;
1423398501.4984200001;-93.23441314697265625;
1423407392.6073110104;-93.23593902587890625;
1423416283.7162020206;-93.23551177978515625;
1423425174.8250930309;-93.2384796142578125;
1423434065.9339840412;-93.23845672607421875;
1423442957.0428750515;-93.23575592041015625;
1423451848.1517660618;-93.23557281494140625;
1423460739.2606570721;-93.23468780517578125;
1423469630.3695480824;-93.23175048828125;
1423478521.4784390926;-93.23291778564453125;
1423487412.5873301029;-93.2372894287109375;
1423496303.6962211132;-93.237335205078125;
1423505194.8051121235;-93.2412261962890625;
1423514085.9140031338;-93.2421875;
1423522977.0228941441;-93.2404937744140625;
1423531868.1317851543;-93.2352142333984375;
1423540759.2406761646;-93.23287200927734375;
1423549650.3495671749;-93.23403167724609375;
1423558541.4584581852;-93.23720550537109375;
1423567432.5673491955;-93.236907958984375;
1423576323.6762402058;-93.23850250244140625;
1423585214.785131216;-93.239349365234375;
1423594105.8940222263;-93.24114227294921875;
1423602997.0029132366;-93.23902130126953125;
1423611888.1118042469;-93.23610687255859375;
1423620779.2206952572;-93.233642578125;
1423629670.3295862675;-93.237060546875;
1423638561.4384772778;-93.24323272705078125;
1423647452.547368288;-93.24163818359375;
1423656343.6562592983;-93.24034881591796875;
1423665234.7651503086;-93.23787689208984375;
1423674125.8740413189;-93.2374420166015625;
1423683016.9829323292;-93.23975372314453125;
1423691908.0918233395;-93.2358551025390625;
1423700799.2007143497;-93.23426055908203125;
1423709690.30960536;-93.24143218994140625;
1423718581.4184963703;-93.24066162109375;
1423727472.5273873806;-93.24169921875;
1423736363.6362783909;-93.24193572998046875;
1423745254.7451694012;-93.2401580810546875;
1423754145.8540604115;-93.23992919921875;
1423763036.9629514217;-93.240203857421875;
1423771928.071842432;-93.242584228515625;
1423780819.1807334423;-93.24332427978515625;
1423789710.2896244526;-93.24236297607421875;
1423798601.3985154629;-93.23906707763671875;
1423807492.5074064732;-93.23871612548828125;
1423816383.6162974834;-93.24362945556640625;
1423825274.7251884937;-93.2462615966796875;
1423834165.834079504;-93.2432403564453125;
1423843056.9429705143;-93.24475860595703125;
1423851948.0518615246;-93.24408721923828125;
1423860839.1607525349;-93.2405853271484375;
1423869730.2696435452;-93.24286651611328125;
1423878621.3785345554;-93.23992919921875;
1423887512.4874255657;-93.24193572998046875;
1423896403.596316576;-93.24050140380859375;
1423905294.7052075863;-93.240753173828125;
1423914185.8140985966;-93.2407073974609375;
1423923076.9229896069;-93.24089813232421875;
1423931968.0318806171;-93.24184417724609375;
1423940859.1407716274;-93.23841094970703125;
1423949750.2496626377;-93.24120330810546875;
1423958641.358553648;-93.24240875244140625;
1423967532.4674446583;-93.2411041259765625;
1423976423.5763356686;-93.24172210693359375;
1423985314.6852266788;-93.240447998046875;
1423994205.7941176891;-93.24205780029296875;
1424003096.9030086994;-93.24384307861328125;
1424011988.0118997097;-93.24471282958984375;
1424020879.12079072;-93.23619842529296875;
1424029770.2296817303;-93.23668670654296875;
1424038661.3385727406;-93.24207305908203125;
1424047552.4474637508;-93.2401275634765625;
1424056443.5563547611;-93.24908447265625;
1424065334.6652457714;-93.24080657958984375;
1424074225.7741367817;-93.23632049560546875;
1424083116.883027792;-93.24300384521484375;
1424092007.9919188023;-93.2437744140625;
1424100899.1008098125;-93.2438507080078125;
1424109790.2097008228;-93.2436676025390625;
1424118681.3185918331;-93.24050140380859375;
1424127572.4274828434;-93.24175262451171875;
1424136463.5363738537;-93.24158477783203125;
1424145354.645264864;-93.2486572265625;
1424154245.7541558743;-93.24536895751953125;
1424163136.8630468845;-93.24770355224609375;
1424172027.9719378948;-93.2467498779296875;
1424180919.0808289051;-93.24298858642578125;
1424189810.1897199154;-93.2443389892578125;
1424198701.2986109257;-93.2469482421875;
1424207592.407501936;-93.24460601806640625;
1424216483.5163929462;-93.241668701171875;
1424225374.6252839565;-93.24344635009765625;
1424234265.7341749668;-93.2459259033203125;
1424243156.8430659771;-93.2485198974609375;
1424252047.9519569874;-93.2440948486328125;
1424260939.0608479977;-93.24158477783203125;
1424269830.1697390079;-93.24295806884765625;
1424278721.2786300182;-93.2477569580078125;
1424287612.3875210285;-93.248291015625;
1424296503.4964120388;-93.243408203125;
1424305394.6053030491;-93.24837493896484375;
1424314285.7141940594;-93.24909210205078125;
1424323176.8230850697;-93.24594879150390625;
1424332067.9319760799;-93.24610137939453125;
1424340959.0408670902;-93.2460784912109375;
1424349850.1497581005;-93.24628448486328125;
1424358741.2586491108;-93.24573516845703125;
1424367632.3675401211;-93.25135040283203125;
1424376523.4764311314;-93.24712371826171875;
1424385414.5853221416;-93.24541473388671875;
1424394305.6942131519;-93.248779296875;
1424403196.8031041622;-93.24816131591796875;
1424412087.9119951725;-93.24869537353515625;
1424420979.0208861828;-93.242218017578125;
1424429870.1297771931;-93.24662017822265625;
1424438761.2386682034;-93.25074005126953125;
1424447652.3475592136;-93.25262451171875;
1424456543.4564502239;-93.24683380126953125;
1424465434.5653412342;-93.24756622314453125;
1424474325.6742322445;-93.2463836669921875;
1424483216.7831232548;-93.24616241455078125;
1424492107.8920142651;-93.24725341796875;
1424500999.0009052753;-93.25090789794921875;
1424509890.1097962856;-93.249481201171875;
1424518781.2186872959;-93.2543182373046875;
1424527672.3275783062;-93.2544708251953125;
1424536563.4364693165;-93.24948883056640625;
1424545454.5453603268;-93.25003814697265625;
1424554345.6542513371;-93.24796295166015625;
1424563236.7631423473;-93.24996185302734375;
1424572127.8720333576;-93.24941253662109375;
1424581018.9809243679;-93.24958038330078125;
1424589910.0898153782;-93.25054168701171875;
1424598801.1987063885;-93.24868011474609375;
1424607692.3075973988;-93.25817108154296875;
1424616583.416488409;-93.25514984130859375;
1424625474.5253794193;-93.25023651123046875;
1424634365.6342704296;-93.25075531005859375;
1424643256.7431614399;-93.2533416748046875;
1424652147.8520524502;-93.253448486328125;
1424661038.9609434605;-93.252838134765625;
1424669930.0698344707;-93.25208282470703125;
1424678821.178725481;-93.2521514892578125;
1424687712.2876164913;-93.25099945068359375;
1424696603.3965075016;-93.25127410888671875;
1424705494.5053985119;-93.25525665283203125;
1424714385.6142895222;-93.25504302978515625;
1424723276.7231805325;-93.252716064453125;
1424732167.8320715427;-93.2562103271484375;
1424741058.940962553;-93.2522735595703125;
1424749950.0498535633;-93.254486083984375;
1424758841.1587445736;-93.25315093994140625;
1424767732.2676355839;-93.253082275390625;
1424776623.3765265942;-93.2537689208984375;
1424785514.4854176044;-93.25140380859375;
1424794405.5943086147;-93.25534820556640625;
1424803296.703199625;-93.253570556640625;
1424812187.8120906353;-93.2561492919921875;
1424821078.9209816456;-93.25775146484375;
1424829970.0298726559;-93.2617950439453125;
1424838861.1387636662;-93.26024627685546875;
1424847752.2476546764;-93.2620697021484375;
1424856643.3565456867;-93.26219940185546875;
1424865534.465436697;-93.2582550048828125;
1424874425.5743277073;-93.256256103515625;
1424883316.6832187176;-93.25328826904296875;
1424892207.7921097279;-93.25493621826171875;
1424901098.9010007381;-93.25467681884765625;
1424909990.0098917484;-93.25418853759765625;
1424918881.1187827587;-93.257232666015625;
1424927772.227673769;-93.2553558349609375;
1424936663.3365647793;-93.25600433349609375;
1424945554.4454557896;-93.25974273681640625;
Window;2;Marker Table
Type;Reference;Trace;X-Value;Unit;Y-Value;Unit;Function;Function Result;Unit
M1;;1;1420500000.0;Hz;-93.2;dBm;Noise;-133.5;dBm/Hz
