Type;FSVA3044;
Version;1.31;
Date;24.Mar 2026;
Mode;ANALYZER;
Preamplifier;OFF;
Transducer;OFF;
Center Freq;1420500000.000000;Hz
Freq Offset;0.000000;Hz
Start;1415500000.000000;Hz
Stop;1425500000.000000;Hz
Span;10000000.000000;Hz
Ref Level;-60.000000;dBm
Level Offset;0.000000;dB
Rf Att;0.000000;dB
El Att;0.000000;dB
RBW;100000.000000;Hz
VBW;1000000.000000;Hz
SWT;2.000000;s
Sweep Count;50;
Window;1;Frequency Sweep
Ref Position;90.000000;%
Level Range;84.000000;dB
x-Axis;LIN;
y-Axis;LOG;
x-Unit;Hz;
y-Unit;dBm;
Trace;1;
Trace Mode;AVERAGE;
Detector;RMS;
Values;1001;
1415504995.0049951077;-102.8627166748046875;
1415514985.0149850845;-102.85201263427734375;
1415524975.0249750614;-102.84592437744140625;
1415534965.0349650383;-102.78719329833984375;
1415544955.0449550152;-102.86321258544921875;
1415554945.0549449921;-102.8228912353515625;
1415564935.0649349689;-102.85709381103515625;
1415574925.0749249458;-102.80168914794921875;
1415584915.0849149227;-102.7990570068359375;
1415594905.0949048996;-102.86768341064453125;
1415604895.1048948765;-102.8272247314453125;
1415614885.1148848534;-102.838836669921875;
1415624875.1248748302;-102.84461212158203125;
1415634865.1348648071;-102.7352752685546875;
1415644855.144854784;-102.82434844970703125;
1415654845.1548447609;-102.8424224853515625;
1415664835.1648347378;-102.7962493896484375;
1415674825.1748247147;-102.8705291748046875;
1415684815.1848146915;-102.7938995361328125;
1415694805.1948046684;-102.81192779541015625;
1415704795.2047946453;-102.7816314697265625;
1415714785.2147846222;-102.82183074951171875;
1415724775.2247745991;-102.83348846435546875;
1415734765.234764576;-102.774444580078125;
1415744755.2447545528;-102.81858062744140625;
1415754745.2547445297;-102.80141448974609375;
1415764735.2647345066;-102.80629730224609375;
1415774725.2747244835;-102.8480224609375;
1415784715.2847144604;-102.80039215087890625;
1415794705.2947044373;-102.81732940673828125;
1415804695.3046944141;-102.7913665771484375;
1415814685.314684391;-102.8328704833984375;
1415824675.3246743679;-102.85467529296875;
1415834665.3346643448;-102.82379150390625;
1415844655.3446543217;-102.886322021484375;
1415854645.3546442986;-102.82714080810546875;
1415864635.3646342754;-102.80208587646484375;
1415874625.3746242523;-102.86263275146484375;
1415884615.3846142292;-102.85385894775390625;
1415894605.3946042061;-102.801055908203125;
1415904595.404594183;-102.81851959228515625;
1415914585.4145841599;-102.81280517578125;
1415924575.4245741367;-102.8004608154296875;
1415934565.4345641136;-102.800872802734375;
1415944555.4445540905;-102.85379791259765625;
1415954545.4545440674;-102.81044769287109375;
1415964535.4645340443;-102.8639373779296875;
1415974525.4745240211;-102.8231964111328125;
1415984515.484513998;-102.8022308349609375;
1415994505.4945039749;-102.8402252197265625;
1416004495.5044939518;-102.80524444580078125;
1416014485.5144839287;-102.77808380126953125;
1416024475.5244739056;-102.84255218505859375;
1416034465.5344638824;-102.81380462646484375;
1416044455.5444538593;-102.85178375244140625;
1416054445.5544438362;-102.87335968017578125;
1416064435.5644338131;-102.80957794189453125;
1416074425.57442379;-102.8809051513671875;
1416084415.5844137669;-102.84606170654296875;
1416094405.5944037437;-102.89127349853515625;
1416104395.6043937206;-102.79244232177734375;
1416114385.6143836975;-102.79660797119140625;
1416124375.6243736744;-102.8330841064453125;
1416134365.6343636513;-102.8419952392578125;
1416144355.6443536282;-102.8298492431640625;
1416154345.654343605;-102.83899688720703125;
1416164335.6643335819;-102.84653472900390625;
1416174325.6743235588;-102.89007568359375;
1416184315.6843135357;-102.8438262939453125;
1416194305.6943035126;-102.81984710693359375;
1416204295.7042934895;-102.8399810791015625;
1416214285.7142834663;-102.84886932373046875;
1416224275.7242734432;-102.796630859375;
1416234265.7342634201;-102.8418731689453125;
1416244255.744253397;-102.83898162841796875;
1416254245.7542433739;-102.836639404296875;
1416264235.7642333508;-102.84268951416015625;
1416274225.7742233276;-102.8570098876953125;
1416284215.7842133045;-102.8503265380859375;
1416294205.7942032814;-102.83051300048828125;
1416304195.8041932583;-102.86458587646484375;
1416314185.8141832352;-102.83818817138671875;
1416324175.8241732121;-102.87120819091796875;
1416334165.8341631889;-102.842498779296875;
1416344155.8441531658;-102.9032745361328125;
1416354145.8541431427;-102.86428070068359375;
1416364135.8641331196;-102.85207366943359375;
1416374125.8741230965;-102.8515167236328125;
1416384115.8841130733;-102.80194091796875;
1416394105.8941030502;-102.821624755859375;
1416404095.9040930271;-102.879547119140625;
1416414085.914083004;-102.786529541015625;
1416424075.9240729809;-102.82372283935546875;
1416434065.9340629578;-102.83435821533203125;
1416444055.9440529346;-102.81899261474609375;
1416454045.9540429115;-102.83237457275390625;
1416464035.9640328884;-102.84275054931640625;
1416474025.9740228653;-102.811431884765625;
1416484015.9840128422;-102.82526397705078125;
1416494005.9940028191;-102.82500457763671875;
1416503996.0039927959;-102.80075836181640625;
1416513986.0139827728;-102.7889404296875;
1416523976.0239727497;-102.8253631591796875;
1416533966.0339627266;-102.83931732177734375;
1416543956.0439527035;-102.81551361083984375;
1416553946.0539426804;-102.847076416015625;
1416563936.0639326572;-102.85523223876953125;
1416573926.0739226341;-102.817047119140625;
1416583916.083912611;-102.84287261962890625;
1416593906.0939025879;-102.84521484375;
1416603896.1038925648;-102.79510498046875;
1416613886.1138825417;-102.83078765869140625;
1416623876.1238725185;-102.83620452880859375;
1416633866.1338624954;-102.82464599609375;
1416643856.1438524723;-102.81182098388671875;
1416653846.1538424492;-102.7568359375;
1416663836.1638324261;-102.81678009033203125;
1416673826.173822403;-102.8047332763671875;
1416683816.1838123798;-102.7815093994140625;
1416693806.1938023567;-102.82614898681640625;
1416703796.2037923336;-102.83843231201171875;
1416713786.2137823105;-102.79499053955078125;
1416723776.2237722874;-102.79192352294921875;
1416733766.2337622643;-102.80934906005859375;
1416743756.2437522411;-102.84668731689453125;
1416753746.253742218;-102.80507659912109375;
1416763736.2637321949;-102.83586883544921875;
1416773726.2737221718;-102.80062103271484375;
1416783716.2837121487;-102.86534881591796875;
1416793706.2937021255;-102.81212615966796875;
1416803696.3036921024;-102.8975677490234375;
1416813686.3136820793;-102.769683837890625;
1416823676.3236720562;-102.75788116455078125;
1416833666.3336620331;-102.8204498291015625;
1416843656.34365201;-102.80759429931640625;
1416853646.3536419868;-102.85712432861328125;
1416863636.3636319637;-102.803741455078125;
1416873626.3736219406;-102.84474945068359375;
1416883616.3836119175;-102.85906219482421875;
1416893606.3936018944;-102.8797149658203125;
1416903596.4035918713;-102.86072540283203125;
1416913586.4135818481;-102.85390472412109375;
1416923576.423571825;-102.8165740966796875;
1416933566.4335618019;-102.78546905517578125;
1416943556.4435517788;-102.8632659912109375;
1416953546.4535417557;-102.83632659912109375;
1416963536.4635317326;-102.8527984619140625;
1416973526.4735217094;-102.801971435546875;
1416983516.4835116863;-102.8155517578125;
1416993506.4935016632;-102.82305908203125;
1417003496.5034916401;-102.8914947509765625;
1417013486.513481617;-102.8150482177734375;
1417023476.5234715939;-102.86217498779296875;
1417033466.5334615707;-102.8384246826171875;
1417043456.5434515476;-102.82427215576171875;
1417053446.5534415245;-102.7782745361328125;
1417063436.5634315014;-102.7998809814453125;
1417073426.5734214783;-102.841827392578125;
1417083416.5834114552;-102.83019256591796875;
1417093406.593401432;-102.87279510498046875;
1417103396.6033914089;-102.896148681640625;
1417113386.6133813858;-102.79846954345703125;
1417123376.6233713627;-102.8478240966796875;
1417133366.6333613396;-102.78113555908203125;
1417143356.6433513165;-102.8305511474609375;
1417153346.6533412933;-102.8310394287109375;
1417163336.6633312702;-102.8127593994140625;
1417173326.6733212471;-102.84606170654296875;
1417183316.683311224;-102.84586334228515625;
1417193306.6933012009;-102.84181976318359375;
1417203296.7032911777;-102.85103607177734375;
1417213286.7132811546;-102.80100250244140625;
1417223276.7232711315;-102.83715057373046875;
1417233266.7332611084;-102.843292236328125;
1417243256.7432510853;-102.85842132568359375;
1417253246.7532410622;-102.79306793212890625;
1417263236.763231039;-102.873077392578125;
1417273226.7732210159;-102.8169708251953125;
1417283216.7832109928;-102.8450927734375;
1417293206.7932009697;-102.8778076171875;
1417303196.8031909466;-102.83521270751953125;
1417313186.8131809235;-102.82822418212890625;
1417323176.8231709003;-102.85056304931640625;
1417333166.8331608772;-102.78769683837890625;
1417343156.8431508541;-102.80450439453125;
1417353146.853140831;-102.82413482666015625;
1417363136.8631308079;-102.828948974609375;
1417373126.8731207848;-102.7852020263671875;
1417383116.8831107616;-102.82110595703125;
1417393106.8931007385;-102.779205322265625;
1417403096.9030907154;-102.836822509765625;
1417413086.9130806923;-102.8577117919921875;
1417423076.9230706692;-102.827789306640625;
1417433066.9330606461;-102.8022613525390625;
1417443056.9430506229;-102.80666351318359375;
1417453046.9530405998;-102.85941314697265625;
1417463036.9630305767;-102.822906494140625;
1417473026.9730205536;-102.76349639892578125;
1417483016.9830105305;-102.82665252685546875;
1417493006.9930005074;-102.773468017578125;
1417502997.0029904842;-102.7840118408203125;
1417512987.0129804611;-102.8411712646484375;
1417522977.022970438;-102.83736419677734375;
1417532967.0329604149;-102.8845062255859375;
1417542957.0429503918;-102.81360626220703125;
1417552947.0529403687;-102.7984771728515625;
1417562937.0629303455;-102.83062744140625;
1417572927.0729203224;-102.845703125;
1417582917.0829102993;-102.773895263671875;
1417592907.0929002762;-102.8562164306640625;
1417602897.1028902531;-102.85083770751953125;
1417612887.1128802299;-102.8620147705078125;
1417622877.1228702068;-102.8345794677734375;
1417632867.1328601837;-102.8197021484375;
1417642857.1428501606;-102.8271636962890625;
1417652847.1528401375;-102.8652801513671875;
1417662837.1628301144;-102.86296844482421875;
1417672827.1728200912;-102.77642822265625;
1417682817.1828100681;-102.79876708984375;
1417692807.192800045;-102.81366729736328125;
1417702797.2027900219;-102.8561553955078125;
1417712787.2127799988;-102.86354827880859375;
1417722777.2227699757;-102.80989837646484375;
1417732767.2327599525;-102.8112030029296875;
1417742757.2427499294;-102.88143157958984375;
1417752747.2527399063;-102.87155914306640625;
1417762737.2627298832;-102.82474517822265625;
1417772727.2727198601;-102.859375;
1417782717.282709837;-102.87169647216796875;
1417792707.2926998138;-102.8396148681640625;
1417802697.3026897907;-102.81768798828125;
1417812687.3126797676;-102.85234832763671875;
1417822677.3226697445;-102.8593902587890625;
1417832667.3326597214;-102.7911529541015625;
1417842657.3426496983;-102.84365081787109375;
1417852647.3526396751;-102.880462646484375;
1417862637.362629652;-102.7895050048828125;
1417872627.3726196289;-102.80816650390625;
1417882617.3826096058;-102.85352325439453125;
1417892607.3925995827;-102.85753631591796875;
1417902597.4025895596;-102.83252716064453125;
1417912587.4125795364;-102.82654571533203125;
1417922577.4225695133;-102.8413848876953125;
1417932567.4325594902;-102.8755035400390625;
1417942557.4425494671;-102.796234130859375;
1417952547.452539444;-102.82433319091796875;
1417962537.4625294209;-102.86684417724609375;
1417972527.4725193977;-102.81182861328125;
1417982517.4825093746;-102.82248687744140625;
1417992507.4924993515;-102.83034515380859375;
1418002497.5024893284;-102.8282012939453125;
1418012487.5124793053;-102.86533355712890625;
1418022477.5224692822;-102.81954193115234375;
1418032467.532459259;-102.8440399169921875;
1418042457.5424492359;-102.84964752197265625;
1418052447.5524392128;-102.889251708984375;
1418062437.5624291897;-102.83037567138671875;
1418072427.5724191666;-102.7965850830078125;
1418082417.5824091434;-102.82965087890625;
1418092407.5923991203;-102.77941131591796875;
1418102397.6023890972;-102.82097625732421875;
1418112387.6123790741;-102.84459686279296875;
1418122377.622369051;-102.84207916259765625;
1418132367.6323590279;-102.88500213623046875;
1418142357.6423490047;-102.7984771728515625;
1418152347.6523389816;-102.8357391357421875;
1418162337.6623289585;-102.879364013671875;
1418172327.6723189354;-102.83519744873046875;
1418182317.6823089123;-102.824066162109375;
1418192307.6922988892;-102.84398651123046875;
1418202297.702288866;-102.799163818359375;
1418212287.7122788429;-102.8118743896484375;
1418222277.7222688198;-102.8471221923828125;
1418232267.7322587967;-102.7841949462890625;
1418242257.7422487736;-102.84079742431640625;
1418252247.7522387505;-102.85536956787109375;
1418262237.7622287273;-102.8351593017578125;
1418272227.7722187042;-102.84743499755859375;
1418282217.7822086811;-102.84804534912109375;
1418292207.792198658;-102.79198455810546875;
1418302197.8021886349;-102.85962677001953125;
1418312187.8121786118;-102.8282318115234375;
1418322177.8221685886;-102.86869049072265625;
1418332167.8321585655;-102.82767486572265625;
1418342157.8421485424;-102.785491943359375;
1418352147.8521385193;-102.856353759765625;
1418362137.8621284962;-102.8793792724609375;
1418372127.8721184731;-102.82393646240234375;
1418382117.8821084499;-102.84377288818359375;
1418392107.8920984268;-102.82100677490234375;
1418402097.9020884037;-102.8533935546875;
1418412087.9120783806;-102.8176422119140625;
1418422077.9220683575;-102.86048126220703125;
1418432067.9320583344;-102.89488983154296875;
1418442057.9420483112;-102.8099517822265625;
1418452047.9520382881;-102.83815765380859375;
1418462037.962028265;-102.83576202392578125;
1418472027.9720182419;-102.85758209228515625;
1418482017.9820082188;-102.84053802490234375;
1418492007.9919981956;-102.814544677734375;
1418501998.0019881725;-102.8107452392578125;
1418511988.0119781494;-102.84084320068359375;
1418521978.0219681263;-102.8556976318359375;
1418531968.0319581032;-102.84917449951171875;
1418541958.0419480801;-102.8557891845703125;
1418551948.0519380569;-102.8651275634765625;
1418561938.0619280338;-102.85318756103515625;
1418571928.0719180107;-102.92288970947265625;
1418581918.0819079876;-102.82553863525390625;
1418591908.0918979645;-102.844207763671875;
1418601898.1018879414;-102.7994232177734375;
1418611888.1118779182;-102.8220977783203125;
1418621878.1218678951;-102.86887359619140625;
1418631868.131857872;-102.83995819091796875;
1418641858.1418478489;-102.78237152099609375;
1418651848.1518378258;-102.80591583251953125;
1418661838.1618278027;-102.78729248046875;
1418671828.1718177795;-102.78025054931640625;
1418681818.1818077564;-102.85736083984375;
1418691808.1917977333;-102.8143157958984375;
1418701798.2017877102;-102.8632049560546875;
1418711788.2117776871;-102.8238677978515625;
1418721778.221767664;-102.819671630859375;
1418731768.2317576408;-102.843994140625;
1418741758.2417476177;-102.8311004638671875;
1418751748.2517375946;-102.819580078125;
1418761738.2617275715;-102.80088043212890625;
1418771728.2717175484;-102.79593658447265625;
1418781718.2817075253;-102.8229827880859375;
1418791708.2916975021;-102.80731201171875;
1418801698.301687479;-102.85028076171875;
1418811688.3116774559;-102.83054351806640625;
1418821678.3216674328;-102.89206695556640625;
1418831668.3316574097;-102.82532501220703125;
1418841658.3416473866;-102.8387451171875;
1418851648.3516373634;-102.82338714599609375;
1418861638.3616273403;-102.8184967041015625;
1418871628.3716173172;-102.81235504150390625;
1418881618.3816072941;-102.825531005859375;
1418891608.391597271;-102.843048095703125;
1418901598.4015872478;-102.8299102783203125;
1418911588.4115772247;-102.84928131103515625;
1418921578.4215672016;-102.83847808837890625;
1418931568.4315571785;-102.79009246826171875;
1418941558.4415471554;-102.8449859619140625;
1418951548.4515371323;-102.8388671875;
1418961538.4615271091;-102.87163543701171875;
1418971528.471517086;-102.8338165283203125;
1418981518.4815070629;-102.8598480224609375;
1418991508.4914970398;-102.83267974853515625;
1419001498.5014870167;-102.81308746337890625;
1419011488.5114769936;-102.83348846435546875;
1419021478.5214669704;-102.841064453125;
1419031468.5314569473;-102.8709869384765625;
1419041458.5414469242;-102.8008575439453125;
1419051448.5514369011;-102.82617950439453125;
1419061438.561426878;-102.8131256103515625;
1419071428.5714168549;-102.8759002685546875;
1419081418.5814068317;-102.85376739501953125;
1419091408.5913968086;-102.823150634765625;
1419101398.6013867855;-102.7967529296875;
1419111388.6113767624;-102.8367767333984375;
1419121378.6213667393;-102.85906982421875;
1419131368.6313567162;-102.83209228515625;
1419141358.641346693;-102.84427642822265625;
1419151348.6513366699;-102.83974456787109375;
1419161338.6613266468;-102.8708343505859375;
1419171328.6713166237;-102.855621337890625;
1419181318.6813066006;-102.83464813232421875;
1419191308.6912965775;-102.80657196044921875;
1419201298.7012865543;-102.8694915771484375;
1419211288.7112765312;-102.81418609619140625;
1419221278.7212665081;-102.821929931640625;
1419231268.731256485;-102.82614898681640625;
1419241258.7412464619;-102.84561920166015625;
1419251248.7512364388;-102.84972381591796875;
1419261238.7612264156;-102.84752655029296875;
1419271228.7712163925;-102.85990142822265625;
1419281218.7812063694;-102.87589263916015625;
1419291208.7911963463;-102.86934661865234375;
1419301198.8011863232;-102.831451416015625;
1419311188.8111763;-102.82378387451171875;
1419321178.8211662769;-102.85781097412109375;
1419331168.8311562538;-102.85874176025390625;
1419341158.8411462307;-102.85536956787109375;
1419351148.8511362076;-102.78139495849609375;
1419361138.8611261845;-102.8470916748046875;
1419371128.8711161613;-102.8856353759765625;
1419381118.8811061382;-102.87302398681640625;
1419391108.8910961151;-102.81646728515625;
1419401098.901086092;-102.84340667724609375;
1419411088.9110760689;-102.8188323974609375;
1419421078.9210660458;-102.80059814453125;
1419431068.9310560226;-102.85341644287109375;
1419441058.9410459995;-102.88887786865234375;
1419451048.9510359764;-102.87746429443359375;
1419461038.9610259533;-102.81546783447265625;
1419471028.9710159302;-102.79763031005859375;
1419481018.9810059071;-102.7932891845703125;
1419491008.9909958839;-102.76763153076171875;
1419500999.0009858608;-102.79290008544921875;
1419510989.0109758377;-102.7877960205078125;
1419520979.0209658146;-102.88922119140625;
1419530969.0309557915;-102.85138702392578125;
1419540959.0409457684;-102.8157501220703125;
1419550949.0509357452;-102.84588623046875;
1419560939.0609257221;-102.901336669921875;
1419570929.070915699;-102.83795166015625;
1419580919.0809056759;-102.8062591552734375;
1419590909.0908956528;-102.8043670654296875;
1419600899.1008856297;-102.80988311767578125;
1419610889.1108756065;-102.788848876953125;
1419620879.1208655834;-102.853607177734375;
1419630869.1308555603;-102.832000732421875;
1419640859.1408455372;-102.82491302490234375;
1419650849.1508355141;-102.8144989013671875;
1419660839.160825491;-102.80455780029296875;
1419670829.1708154678;-102.802215576171875;
1419680819.1808054447;-102.83849334716796875;
1419690809.1907954216;-102.81833648681640625;
1419700799.2007853985;-102.91863250732421875;
1419710789.2107753754;-102.84333038330078125;
1419720779.2207653522;-102.83708953857421875;
1419730769.2307553291;-102.82015228271484375;
1419740759.240745306;-102.86583709716796875;
1419750749.2507352829;-102.8424530029296875;
1419760739.2607252598;-102.8750762939453125;
1419770729.2707152367;-102.774139404296875;
1419780719.2807052135;-102.78052520751953125;
1419790709.2906951904;-102.83095550537109375;
1419800699.3006851673;-102.7981414794921875;
1419810689.3106751442;-102.8542327880859375;
1419820679.3206651211;-102.78504180908203125;
1419830669.330655098;-102.795989990234375;
1419840659.3406450748;-102.82323455810546875;
1419850649.3506350517;-102.8101806640625;
1419860639.3606250286;-102.8189849853515625;
1419870629.3706150055;-102.81218719482421875;
1419880619.3806049824;-102.84123992919921875;
1419890609.3905949593;-102.83875274658203125;
1419900599.4005849361;-102.76999664306640625;
1419910589.410574913;-102.75266265869140625;
1419920579.4205648899;-102.81581878662109375;
1419930569.4305548668;-102.8125457763671875;
1419940559.4405448437;-102.8036041259765625;
1419950549.4505348206;-102.87447357177734375;
1419960539.4605247974;-102.80516815185546875;
1419970529.4705147743;-102.81893157958984375;
1419980519.4805047512;-102.82324981689453125;
1419990509.4904947281;-102.84682464599609375;
1420000499.500484705;-102.82187652587890625;
1420010489.5104746819;-102.75576019287109375;
1420020479.5204646587;-102.822479248046875;
1420030469.5304546356;-102.807403564453125;
1420040459.5404446125;-102.83419036865234375;
1420050449.5504345894;-102.7941436767578125;
1420060439.5604245663;-102.82477569580078125;
1420070429.5704145432;-102.8239288330078125;
1420080419.58040452;-102.854949951171875;
1420090409.5903944969;-102.82048797607421875;
1420100399.6003844738;-102.84207916259765625;
1420110389.6103744507;-102.79522705078125;
1420120379.6203644276;-102.79290771484375;
1420130369.6303544044;-102.8787384033203125;
1420140359.6403443813;-102.7863311767578125;
1420150349.6503343582;-102.847808837890625;
1420160339.6603243351;-102.859619140625;
1420170329.670314312;-102.77716064453125;
1420180319.6803042889;-102.8363189697265625;
1420190309.6902942657;-102.76822662353515625;
1420200299.7002842426;-102.80709075927734375;
1420210289.7102742195;-102.81281280517578125;
1420220279.7202641964;-102.81034088134765625;
1420230269.7302541733;-102.84477996826171875;
1420240259.7402441502;-102.84120941162109375;
1420250249.750234127;-102.7970428466796875;
1420260239.7602241039;-102.8410491943359375;
1420270229.7702140808;-102.82837677001953125;
1420280219.7802040577;-102.78453826904296875;
1420290209.7901940346;-102.783111572265625;
1420300199.8001840115;-102.870208740234375;
1420310189.8101739883;-102.84827423095703125;
1420320179.8201639652;-102.77264404296875;
1420330169.8301539421;-102.8079376220703125;
1420340159.840143919;-102.7781982421875;
1420350149.8501338959;-102.7784881591796875;
1420360139.8601238728;-102.79131317138671875;
1420370129.8701138496;-102.7910003662109375;
1420380119.8801038265;-102.84157562255859375;
1420390109.8900938034;-102.81108856201171875;
1420400099.9000837803;-102.7841949462890625;
1420410089.9100737572;-102.84235382080078125;
1420420079.9200637341;-102.86399078369140625;
1420430069.9300537109;-102.9135284423828125;
1420440059.9400436878;-102.75910186767578125;
1420450049.9500336647;-102.80291748046875;
1420460039.9600236416;-102.811248779296875;
1420470029.9700136185;-102.78682708740234375;
1420480019.9800035954;-102.7809295654296875;
1420490009.9899935722;-102.873260498046875;
1420499999.9999835491;-102.81705474853515625;
1420509990.009973526;-102.82814788818359375;
1420519980.0199635029;-102.8043060302734375;
1420529970.0299534798;-102.82802581787109375;
1420539960.0399434566;-102.877227783203125;
1420549950.0499334335;-102.787445068359375;
1420559940.0599234104;-102.81615447998046875;
1420569930.0699133873;-102.82050323486328125;
1420579920.0799033642;-102.865966796875;
1420589910.0898933411;-102.8675689697265625;
1420599900.0998833179;-102.83159637451171875;
1420609890.1098732948;-102.872711181640625;
1420619880.1198632717;-102.8343658447265625;
1420629870.1298532486;-102.83454132080078125;
1420639860.1398432255;-102.8020172119140625;
1420649850.1498332024;-102.8179473876953125;
1420659840.1598231792;-102.8634490966796875;
1420669830.1698131561;-102.82030487060546875;
1420679820.179803133;-102.79335784912109375;
1420689810.1897931099;-102.810546875;
1420699800.1997830868;-102.7666778564453125;
1420709790.2097730637;-102.75528717041015625;
1420719780.2197630405;-102.79965972900390625;
1420729770.2297530174;-102.8641815185546875;
1420739760.2397429943;-102.79302978515625;
1420749750.2497329712;-102.83945465087890625;
1420759740.2597229481;-102.8357696533203125;
1420769730.269712925;-102.79433441162109375;
1420779720.2797029018;-102.8163299560546875;
1420789710.2896928787;-102.8271636962890625;
1420799700.2996828556;-102.85588836669921875;
1420809690.3096728325;-102.8125762939453125;
1420819680.3196628094;-102.8292388916015625;
1420829670.3296527863;-102.8534698486328125;
1420839660.3396427631;-102.76082611083984375;
1420849650.34963274;-102.82740020751953125;
1420859640.3596227169;-102.78272247314453125;
1420869630.3696126938;-102.87876129150390625;
1420879620.3796026707;-102.80725860595703125;
1420889610.3895926476;-102.85004425048828125;
1420899600.3995826244;-102.8066253662109375;
1420909590.4095726013;-102.8332977294921875;
1420919580.4195625782;-102.84119415283203125;
1420929570.4295525551;-102.7937774658203125;
1420939560.439542532;-102.8501739501953125;
1420949550.4495325089;-102.83939361572265625;
1420959540.4595224857;-102.8589935302734375;
1420969530.4695124626;-102.8631439208984375;
1420979520.4795024395;-102.829925537109375;
1420989510.4894924164;-102.78607940673828125;
1420999500.4994823933;-102.8511505126953125;
1421009490.5094723701;-102.8115081787109375;
1421019480.519462347;-102.84163665771484375;
1421029470.5294523239;-102.84130859375;
1421039460.5394423008;-102.77490997314453125;
1421049450.5494322777;-102.83066558837890625;
1421059440.5594222546;-102.835357666015625;
1421069430.5694122314;-102.82770538330078125;
1421079420.5794022083;-102.80023193359375;
1421089410.5893921852;-102.81183624267578125;
1421099400.5993821621;-102.80970001220703125;
1421109390.609372139;-102.8200531005859375;
1421119380.6193621159;-102.8314666748046875;
1421129370.6293520927;-102.8219146728515625;
1421139360.6393420696;-102.8147430419921875;
1421149350.6493320465;-102.85416412353515625;
1421159340.6593220234;-102.83028411865234375;
1421169330.6693120003;-102.87593841552734375;
1421179320.6793019772;-102.8079376220703125;
1421189310.689291954;-102.810394287109375;
1421199300.6992819309;-102.79796600341796875;
1421209290.7092719078;-102.82706451416015625;
1421219280.7192618847;-102.7972564697265625;
1421229270.7292518616;-102.7907562255859375;
1421239260.7392418385;-102.8017730712890625;
1421249250.7492318153;-102.7784576416015625;
1421259240.7592217922;-102.79228973388671875;
1421269230.7692117691;-102.85739898681640625;
1421279220.779201746;-102.817596435546875;
1421289210.7891917229;-102.8636627197265625;
1421299200.7991816998;-102.84261322021484375;
1421309190.8091716766;-102.84423828125;
1421319180.8191616535;-102.812896728515625;
1421329170.8291516304;-102.77556610107421875;
1421339160.8391416073;-102.816192626953125;
1421349150.8491315842;-102.84635162353515625;
1421359140.8591215611;-102.8029937744140625;
1421369130.8691115379;-102.80472564697265625;
1421379120.8791015148;-102.8391571044921875;
1421389110.8890914917;-102.80516815185546875;
1421399100.8990814686;-102.77735137939453125;
1421409090.9090714455;-102.88458251953125;
1421419080.9190614223;-102.79242706298828125;
1421429070.9290513992;-102.81514739990234375;
1421439060.9390413761;-102.760223388671875;
1421449050.949031353;-102.7806854248046875;
1421459040.9590213299;-102.82659912109375;
1421469030.9690113068;-102.84731292724609375;
1421479020.9790012836;-102.79366302490234375;
1421489010.9889912605;-102.84818267822265625;
1421499000.9989812374;-102.82098388671875;
1421508991.0089712143;-102.79569244384765625;
1421518981.0189611912;-102.84316253662109375;
1421528971.0289511681;-102.82523345947265625;
1421538961.0389411449;-102.8120880126953125;
1421548951.0489311218;-102.82022857666015625;
1421558941.0589210987;-102.8391571044921875;
1421568931.0689110756;-102.75052642822265625;
1421578921.0789010525;-102.86035919189453125;
1421588911.0888910294;-102.811920166015625;
1421598901.0988810062;-102.76910400390625;
1421608891.1088709831;-102.81815338134765625;
1421618881.11886096;-102.834564208984375;
1421628871.1288509369;-102.850982666015625;
1421638861.1388409138;-102.78595733642578125;
1421648851.1488308907;-102.78685760498046875;
1421658841.1588208675;-102.7681884765625;
1421668831.1688108444;-102.837127685546875;
1421678821.1788008213;-102.8079071044921875;
1421688811.1887907982;-102.77944183349609375;
1421698801.1987807751;-102.76538848876953125;
1421708791.208770752;-102.781402587890625;
1421718781.2187607288;-102.83956146240234375;
1421728771.2287507057;-102.852935791015625;
1421738761.2387406826;-102.85326385498046875;
1421748751.2487306595;-102.80583953857421875;
1421758741.2587206364;-102.818023681640625;
1421768731.2687106133;-102.84676361083984375;
1421778721.2787005901;-102.8311920166015625;
1421788711.288690567;-102.786285400390625;
1421798701.2986805439;-102.850982666015625;
1421808691.3086705208;-102.83306884765625;
1421818681.3186604977;-102.83348846435546875;
1421828671.3286504745;-102.798583984375;
1421838661.3386404514;-102.870880126953125;
1421848651.3486304283;-102.78467559814453125;
1421858641.3586204052;-102.7907257080078125;
1421868631.3686103821;-102.8717193603515625;
1421878621.378600359;-102.81833648681640625;
1421888611.3885903358;-102.78499603271484375;
1421898601.3985803127;-102.8250885009765625;
1421908591.4085702896;-102.756072998046875;
1421918581.4185602665;-102.8136444091796875;
1421928571.4285502434;-102.83562469482421875;
1421938561.4385402203;-102.8032684326171875;
1421948551.4485301971;-102.868865966796875;
1421958541.458520174;-102.8488922119140625;
1421968531.4685101509;-102.7613677978515625;
1421978521.4785001278;-102.77862548828125;
1421988511.4884901047;-102.7765655517578125;
1421998501.4984800816;-102.85235595703125;
1422008491.5084700584;-102.79987335205078125;
1422018481.5184600353;-102.828582763671875;
1422028471.5284500122;-102.829864501953125;
1422038461.5384399891;-102.80985260009765625;
1422048451.548429966;-102.77465057373046875;
1422058441.5584199429;-102.7924957275390625;
1422068431.5684099197;-102.84708404541015625;
1422078421.5783998966;-102.78263092041015625;
1422088411.5883898735;-102.83188629150390625;
1422098401.5983798504;-102.8130950927734375;
1422108391.6083698273;-102.85376739501953125;
1422118381.6183598042;-102.780364990234375;
1422128371.628349781;-102.8588104248046875;
1422138361.6383397579;-102.83844757080078125;
1422148351.6483297348;-102.8093109130859375;
1422158341.6583197117;-102.7977142333984375;
1422168331.6683096886;-102.8095245361328125;
1422178321.6782996655;-102.75058746337890625;
1422188311.6882896423;-102.803955078125;
1422198301.6982796192;-102.76047515869140625;
1422208291.7082695961;-102.808441162109375;
1422218281.718259573;-102.79593658447265625;
1422228271.7282495499;-102.832794189453125;
1422238261.7382395267;-102.8456573486328125;
1422248251.7482295036;-102.8469085693359375;
1422258241.7582194805;-102.831695556640625;
1422268231.7682094574;-102.8549346923828125;
1422278221.7781994343;-102.8250579833984375;
1422288211.7881894112;-102.8027496337890625;
1422298201.798179388;-102.79311370849609375;
1422308191.8081693649;-102.83935546875;
1422318181.8181593418;-102.75670623779296875;
1422328171.8281493187;-102.8229217529296875;
1422338161.8381392956;-102.85488128662109375;
1422348151.8481292725;-102.83171844482421875;
1422358141.8581192493;-102.75223541259765625;
1422368131.8681092262;-102.7831878662109375;
1422378121.8780992031;-102.8207855224609375;
1422388111.88808918;-102.88153839111328125;
1422398101.8980791569;-102.8307037353515625;
1422408091.9080691338;-102.83541107177734375;
1422418081.9180591106;-102.77813720703125;
1422428071.9280490875;-102.76903533935546875;
1422438061.9380390644;-102.84206390380859375;
1422448051.9480290413;-102.81945037841796875;
1422458041.9580190182;-102.8017425537109375;
1422468031.9680089951;-102.78557586669921875;
1422478021.9779989719;-102.79547882080078125;
1422488011.9879889488;-102.78784942626953125;
1422498001.9979789257;-102.8438720703125;
1422507992.0079689026;-102.833160400390625;
1422517982.0179588795;-102.82353973388671875;
1422527972.0279488564;-102.84230804443359375;
1422537962.0379388332;-102.905426025390625;
1422547952.0479288101;-102.777557373046875;
1422557942.057918787;-102.7647857666015625;
1422567932.0679087639;-102.85485076904296875;
1422577922.0778987408;-102.832916259765625;
1422587912.0878887177;-102.75727081298828125;
1422597902.0978786945;-102.85222625732421875;
1422607892.1078686714;-102.83138275146484375;
1422617882.1178586483;-102.7970123291015625;
1422627872.1278486252;-102.7673797607421875;
1422637862.1378386021;-102.8627777099609375;
1422647852.1478285789;-102.7694091796875;
1422657842.1578185558;-102.8032073974609375;
1422667832.1678085327;-102.76180267333984375;
1422677822.1777985096;-102.82074737548828125;
1422687812.1877884865;-102.84344482421875;
1422697802.1977784634;-102.83335113525390625;
1422707792.2077684402;-102.8458251953125;
1422717782.2177584171;-102.8039093017578125;
1422727772.227748394;-102.8392486572265625;
1422737762.2377383709;-102.799041748046875;
1422747752.2477283478;-102.8327789306640625;
1422757742.2577183247;-102.79445648193359375;
1422767732.2677083015;-102.85553741455078125;
1422777722.2776982784;-102.87383270263671875;
1422787712.2876882553;-102.7953338623046875;
1422797702.2976782322;-102.867279052734375;
1422807692.3076682091;-102.8282318115234375;
1422817682.317658186;-102.80196380615234375;
1422827672.3276481628;-102.8647918701171875;
1422837662.3376381397;-102.7855987548828125;
1422847652.3476281166;-102.76644134521484375;
1422857642.3576180935;-102.84290313720703125;
1422867632.3676080704;-102.78145599365234375;
1422877622.3775980473;-102.7900543212890625;
1422887612.3875880241;-102.757537841796875;
1422897602.397578001;-102.75250244140625;
1422907592.4075679779;-102.846771240234375;
1422917582.4175579548;-102.80852508544921875;
1422927572.4275479317;-102.82486724853515625;
1422937562.4375379086;-102.85247802734375;
1422947552.4475278854;-102.81159210205078125;
1422957542.4575178623;-102.80158233642578125;
1422967532.4675078392;-102.8598175048828125;
1422977522.4774978161;-102.804229736328125;
1422987512.487487793;-102.83400726318359375;
1422997502.4974777699;-102.8297119140625;
1423007492.5074677467;-102.76668548583984375;
1423017482.5174577236;-102.75254058837890625;
1423027472.5274477005;-102.8460693359375;
1423037462.5374376774;-102.79506683349609375;
1423047452.5474276543;-102.78397369384765625;
1423057442.5574176311;-102.85718536376953125;
1423067432.567407608;-102.82869720458984375;
1423077422.5773975849;-102.76230621337890625;
1423087412.5873875618;-102.82262420654296875;
1423097402.5973775387;-102.70977783203125;
1423107392.6073675156;-102.85527801513671875;
1423117382.6173574924;-102.78899383544921875;
1423127372.6273474693;-102.8257904052734375;
1423137362.6373374462;-102.78821563720703125;
1423147352.6473274231;-102.79181671142578125;
1423157342.6573174;-102.84420013427734375;
1423167332.6673073769;-102.826934814453125;
1423177322.6772973537;-102.843780517578125;
1423187312.6872873306;-102.83910369873046875;
1423197302.6972773075;-102.75943756103515625;
1423207292.7072672844;-102.7583160400390625;
1423217282.7172572613;-102.83135986328125;
1423227272.7272472382;-102.83512115478515625;
1423237262.737237215;-102.73931121826171875;
1423247252.7472271919;-102.84212493896484375;
1423257242.7572171688;-102.77691650390625;
1423267232.7672071457;-102.80889892578125;
1423277222.7771971226;-102.74184417724609375;
1423287212.7871870995;-102.75977325439453125;
1423297202.7971770763;-102.84792327880859375;
1423307192.8071670532;-102.768402099609375;
1423317182.8171570301;-102.79500579833984375;
1423327172.827147007;-102.81878662109375;
1423337162.8371369839;-102.83740997314453125;
1423347152.8471269608;-102.73149871826171875;
1423357142.8571169376;-102.73137664794921875;
1423367132.8671069145;-102.86092376708984375;
1423377122.8770968914;-102.80533599853515625;
1423387112.8870868683;-102.7871551513671875;
1423397102.8970768452;-102.7462615966796875;
1423407092.9070668221;-102.874969482421875;
1423417082.9170567989;-102.7665863037109375;
1423427072.9270467758;-102.77892303466796875;
1423437062.9370367527;-102.78369140625;
1423447052.9470267296;-102.81847381591796875;
1423457042.9570167065;-102.7758636474609375;
1423467032.9670066833;-102.77349090576171875;
1423477022.9769966602;-102.8079681396484375;
1423487012.9869866371;-102.74607086181640625;
1423497002.996976614;-102.78145599365234375;
1423506993.0069665909;-102.79778289794921875;
1423516983.0169565678;-102.7644195556640625;
1423526973.0269465446;-102.7913360595703125;
1423536963.0369365215;-102.7659912109375;
1423546953.0469264984;-102.81027984619140625;
1423556943.0569164753;-102.8043365478515625;
1423566933.0669064522;-102.82495880126953125;
1423576923.0768964291;-102.74202728271484375;
1423586913.0868864059;-102.78143310546875;
1423596903.0968763828;-102.84703826904296875;
1423606893.1068663597;-102.80057525634765625;
1423616883.1168563366;-102.8464813232421875;
1423626873.1268463135;-102.7518310546875;
1423636863.1368362904;-102.7720184326171875;
1423646853.1468262672;-102.829315185546875;
1423656843.1568162441;-102.84813690185546875;
1423666833.166806221;-102.76056671142578125;
1423676823.1767961979;-102.79697418212890625;
1423686813.1867861748;-102.79824066162109375;
1423696803.1967761517;-102.8013458251953125;
1423706793.2067661285;-102.79084014892578125;
1423716783.2167561054;-102.76779937744140625;
1423726773.2267460823;-102.7938232421875;
1423736763.2367360592;-102.77159881591796875;
1423746753.2467260361;-102.8163909912109375;
1423756743.256716013;-102.83820343017578125;
1423766733.2667059898;-102.770843505859375;
1423776723.2766959667;-102.78619384765625;
1423786713.2866859436;-102.777252197265625;
1423796703.2966759205;-102.74294281005859375;
1423806693.3066658974;-102.79264068603515625;
1423816683.3166558743;-102.80376434326171875;
1423826673.3266458511;-102.82515716552734375;
1423836663.336635828;-102.77703094482421875;
1423846653.3466258049;-102.8262176513671875;
1423856643.3566157818;-102.8169097900390625;
1423866633.3666057587;-102.83420562744140625;
1423876623.3765957355;-102.82923126220703125;
1423886613.3865857124;-102.80088043212890625;
1423896603.3965756893;-102.88559722900390625;
1423906593.4065656662;-102.83840179443359375;
1423916583.4165556431;-102.83594512939453125;
1423926573.42654562;-102.79782867431640625;
1423936563.4365355968;-102.7735137939453125;
1423946553.4465255737;-102.8389739990234375;
1423956543.4565155506;-102.788055419921875;
1423966533.4665055275;-102.781768798828125;
1423976523.4764955044;-102.80431365966796875;
1423986513.4864854813;-102.76617431640625;
1423996503.4964754581;-102.81467437744140625;
1424006493.506465435;-102.7857666015625;
1424016483.5164554119;-102.80814361572265625;
1424026473.5264453888;-102.82898712158203125;
1424036463.5364353657;-102.804046630859375;
1424046453.5464253426;-102.752410888671875;
1424056443.5564153194;-102.77100372314453125;
1424066433.5664052963;-102.81114959716796875;
1424076423.5763952732;-102.80066680908203125;
1424086413.5863852501;-102.76421356201171875;
1424096403.596375227;-102.769012451171875;
1424106393.6063652039;-102.84043121337890625;
1424116383.6163551807;-102.84543609619140625;
1424126373.6263451576;-102.79192352294921875;
1424136363.6363351345;-102.8243865966796875;
1424146353.6463251114;-102.78631591796875;
1424156343.6563150883;-102.79967498779296875;
1424166333.6663050652;-102.8546295166015625;
1424176323.676295042;-102.80670166015625;
1424186313.6862850189;-102.7860565185546875;
1424196303.6962749958;-102.8365631103515625;
1424206293.7062649727;-102.8179779052734375;
1424216283.7162549496;-102.84328460693359375;
1424226273.7262449265;-102.8478851318359375;
1424236263.7362349033;-102.8534088134765625;
1424246253.7462248802;-102.83507537841796875;
1424256243.7562148571;-102.7965240478515625;
1424266233.766204834;-102.83699798583984375;
1424276223.7761948109;-102.83374786376953125;
1424286213.7861847878;-102.82271575927734375;
1424296203.7961747646;-102.8258209228515625;
1424306193.8061647415;-102.89244842529296875;
1424316183.8161547184;-102.78692626953125;
1424326173.8261446953;-102.7951812744140625;
1424336163.8361346722;-102.810272216796875;
1424346153.846124649;-102.76688385009765625;
1424356143.8561146259;-102.76798248291015625;
1424366133.8661046028;-102.8402557373046875;
1424376123.8760945797;-102.84087371826171875;
1424386113.8860845566;-102.81880950927734375;
1424396103.8960745335;-102.83115386962890625;
1424406093.9060645103;-102.8094482421875;
1424416083.9160544872;-102.80178070068359375;
1424426073.9260444641;-102.81078338623046875;
1424436063.936034441;-102.76305389404296875;
1424446053.9460244179;-102.84664154052734375;
1424456043.9560143948;-102.79449462890625;
1424466033.9660043716;-102.78900146484375;
1424476023.9759943485;-102.73438262939453125;
1424486013.9859843254;-102.81145477294921875;
1424496003.9959743023;-102.832794189453125;
1424505994.0059642792;-102.78610992431640625;
1424515984.0159542561;-102.84081268310546875;
1424525974.0259442329;-102.80605316162109375;
1424535964.0359342098;-102.841796875;
1424545954.0459241867;-102.82520294189453125;
1424555944.0559141636;-102.802703857421875;
1424565934.0659041405;-102.77053070068359375;
1424575924.0758941174;-102.75537109375;
1424585914.0858840942;-102.85785675048828125;
1424595904.0958740711;-102.82592010498046875;
1424605894.105864048;-102.78774261474609375;
1424615884.1158540249;-102.8101959228515625;
1424625874.1258440018;-102.7686767578125;
1424635864.1358339787;-102.788818359375;
1424645854.1458239555;-102.817108154296875;
1424655844.1558139324;-102.7926483154296875;
1424665834.1658039093;-102.8567962646484375;
1424675824.1757938862;-102.83585357666015625;
1424685814.1857838631;-102.80970001220703125;
1424695804.19577384;-102.81890869140625;
1424705794.2057638168;-102.8022918701171875;
1424715784.2157537937;-102.821868896484375;
1424725774.2257437706;-102.81298828125;
1424735764.2357337475;-102.81870269775390625;
1424745754.2457237244;-102.81383514404296875;
1424755744.2557137012;-102.787017822265625;
1424765734.2657036781;-102.85596466064453125;
1424775724.275693655;-102.90313720703125;
1424785714.2856836319;-102.781005859375;
1424795704.2956736088;-102.79625701904296875;
1424805694.3056635857;-102.79232025146484375;
1424815684.3156535625;-102.7855682373046875;
1424825674.3256435394;-102.84246826171875;
1424835664.3356335163;-102.77571868896484375;
1424845654.3456234932;-102.7882232666015625;
1424855644.3556134701;-102.81871795654296875;
1424865634.365603447;-102.81031036376953125;
1424875624.3755934238;-102.79022979736328125;
1424885614.3855834007;-102.72837066650390625;
1424895604.3955733776;-102.85904693603515625;
1424905594.4055633545;-102.86083221435546875;
1424915584.4155533314;-102.78762054443359375;
1424925574.4255433083;-102.83807373046875;
1424935564.4355332851;-102.81482696533203125;
1424945554.445523262;-102.79340362548828125;
1424955544.4555132389;-102.77114105224609375;
1424965534.4655032158;-102.79595184326171875;
1424975524.4754931927;-102.8224334716796875;
1424985514.4854831696;-102.83008575439453125;
1424995504.4954731464;-102.884063720703125;
1425005494.5054631233;-102.77202606201171875;
1425015484.5154531002;-102.856292724609375;
1425025474.5254430771;-102.794464111328125;
1425035464.535433054;-102.804107666015625;
1425045454.5454230309;-102.78897857666015625;
1425055444.5554130077;-102.807586669921875;
1425065434.5654029846;-102.76195526123046875;
1425075424.5753929615;-102.8218231201171875;
1425085414.5853829384;-102.80828094482421875;
1425095404.5953729153;-102.7681121826171875;
1425105394.6053628922;-102.81760406494140625;
1425115384.615352869;-102.81597900390625;
1425125374.6253428459;-102.80511474609375;
1425135364.6353328228;-102.7857666015625;
1425145354.6453227997;-102.8133697509765625;
1425155344.6553127766;-102.84741973876953125;
1425165334.6653027534;-102.8207855224609375;
1425175324.6752927303;-102.7892913818359375;
1425185314.6852827072;-102.8174591064453125;
1425195304.6952726841;-102.821380615234375;
1425205294.705262661;-102.78875732421875;
1425215284.7152526379;-102.7807159423828125;
1425225274.7252426147;-102.7567596435546875;
1425235264.7352325916;-102.84166717529296875;
1425245254.7452225685;-102.79547882080078125;
1425255244.7552125454;-102.811004638671875;
1425265234.7652025223;-102.7662353515625;
1425275224.7751924992;-102.74163818359375;
1425285214.785182476;-102.793060302734375;
1425295204.7951724529;-102.77988433837890625;
1425305194.8051624298;-102.80615234375;
1425315184.8151524067;-102.84775543212890625;
1425325174.8251423836;-102.819610595703125;
1425335164.8351323605;-102.8236541748046875;
1425345154.8451223373;-102.81829071044921875;
1425355144.8551123142;-102.8303680419921875;
1425365134.8651022911;-102.759552001953125;
1425375124.875092268;-102.79776763916015625;
1425385114.8850822449;-102.79344940185546875;
1425395104.8950722218;-102.80844879150390625;
1425405094.9050621986;-102.76244354248046875;
1425415084.9150521755;-102.79443359375;
1425425074.9250421524;-102.794189453125;
1425435064.9350321293;-102.7976531982421875;
1425445054.9450221062;-102.78495025634765625;
1425455044.9550120831;-102.77332305908203125;
1425465034.9650020599;-102.87459564208984375;
1425475024.9749920368;-102.80146026611328125;
1425485014.9849820137;-102.7803497314453125;
1425495004.9949719906;-102.83844757080078125;
Window;2;Marker Table
Type;Reference;Trace;X-Value;Unit;Y-Value;Unit;Function;Function Result;Unit
M1;;1;1420500000.0;Hz;-102.8;dBm;Noise;-153.1;dBm/Hz
